Файл	C:\Documents and Settings\Center\Рабочий стол\Изгиб_08.11.22\Иост_2.rez
Вид испытания	сжатие	1
Дата	8 Ноябрь 2022 г.	12:55:27
Скорость [мм/мин]	 1.0
Форма	Круглый	0
Начальные размеры: [мм]
Диаметр	Толщина	Ширина	Длина	База
10.00			50.00	40.00
Размеры после испытания: [мм]

Количество точек	2086

Время [с]	Перемещение [мм]	Усилие [Н]
0.00	0.000	1.4800E+0
0.30	0.001	1.4700E+0
0.40	0.003	1.4800E+0
0.50	0.005	1.4800E+0
0.60	0.007	1.4700E+0
0.70	0.009	1.4600E+0
0.80	0.012	1.4700E+0
0.90	0.015	1.4700E+0
1.00	0.019	1.4800E+0
1.10	0.021	1.4800E+0
1.20	0.025	1.4800E+0
1.30	0.028	1.4800E+0
1.40	0.031	1.4900E+0
1.50	0.034	1.4800E+0
1.60	0.037	1.4800E+0
1.70	0.041	1.4800E+0
1.80	0.044	1.4800E+0
1.90	0.047	1.4800E+0
2.00	0.050	1.4700E+0
2.10	0.053	1.4700E+0
2.20	0.057	1.4800E+0
2.30	0.060	1.4800E+0
2.40	0.063	1.4900E+0
2.50	0.066	1.4800E+0
2.60	0.069	1.4800E+0
2.70	0.072	1.4800E+0
2.80	0.076	1.4800E+0
2.90	0.079	1.4800E+0
3.00	0.082	1.4800E+0
3.10	0.085	1.4800E+0
3.20	0.088	1.4800E+0
3.30	0.092	1.4900E+0
3.40	0.095	1.4700E+0
3.50	0.098	1.4800E+0
3.60	0.101	1.4800E+0
3.70	0.104	1.4800E+0
3.80	0.108	1.4800E+0
3.90	0.111	1.4800E+0
4.00	0.114	1.4900E+0
4.10	0.117	1.4700E+0
4.20	0.120	1.4800E+0
4.30	0.124	1.4800E+0
4.40	0.127	1.4800E+0
4.50	0.130	1.4800E+0
4.60	0.133	1.4800E+0
4.70	0.136	1.4800E+0
4.80	0.140	1.4800E+0
4.90	0.143	1.4800E+0
5.00	0.146	1.4800E+0
5.10	0.149	1.4800E+0
5.20	0.153	1.4700E+0
5.30	0.156	1.4800E+0
5.40	0.159	1.4800E+0
5.50	0.162	1.4800E+0
5.60	0.165	1.4800E+0
5.70	0.169	1.4800E+0
5.80	0.172	1.4800E+0
5.90	0.175	1.4800E+0
6.00	0.179	1.4800E+0
6.10	0.182	1.4800E+0
6.20	0.185	1.4700E+0
6.30	0.188	1.4900E+0
6.40	0.191	1.4800E+0
6.50	0.195	1.4700E+0
6.60	0.198	1.4800E+0
6.70	0.201	1.4800E+0
6.80	0.204	1.4800E+0
6.90	0.208	1.4800E+0
7.00	0.211	1.4900E+0
7.10	0.214	1.4700E+0
7.20	0.217	1.4800E+0
7.30	0.220	1.4800E+0
7.40	0.224	1.4800E+0
7.50	0.227	1.4800E+0
7.60	0.230	1.4800E+0
7.70	0.233	1.4900E+0
7.80	0.236	1.4900E+0
7.90	0.240	1.4800E+0
8.00	0.243	1.4700E+0
8.10	0.246	1.4900E+0
8.20	0.249	1.4800E+0
8.30	0.252	1.4900E+0
8.40	0.256	1.4800E+0
8.50	0.259	1.4700E+0
8.60	0.262	1.4800E+0
8.70	0.265	1.4800E+0
8.80	0.269	1.4700E+0
8.90	0.272	1.4800E+0
9.00	0.275	1.4700E+0
9.10	0.278	1.4800E+0
9.20	0.281	1.4800E+0
9.30	0.285	1.4900E+0
9.40	0.288	1.4800E+0
9.50	0.291	1.4800E+0
9.60	0.294	1.4800E+0
9.70	0.297	1.4900E+0
9.80	0.301	1.4700E+0
9.90	0.304	1.4800E+0
10.00	0.307	1.4700E+0
10.10	0.310	1.4800E+0
10.20	0.313	1.4800E+0
10.30	0.317	1.4800E+0
10.40	0.320	1.4800E+0
10.50	0.323	1.4700E+0
10.60	0.326	1.4800E+0
10.70	0.329	1.4900E+0
10.80	0.333	1.4700E+0
10.90	0.336	1.4800E+0
11.00	0.339	1.4700E+0
11.10	0.343	1.4800E+0
11.20	0.346	1.4800E+0
11.30	0.349	1.4800E+0
11.40	0.352	1.4900E+0
11.50	0.356	1.4800E+0
11.60	0.359	1.4800E+0
11.70	0.362	1.4800E+0
11.80	0.365	1.4800E+0
11.90	0.369	1.4900E+0
12.00	0.372	1.4800E+0
12.10	0.376	1.4800E+0
12.20	0.379	1.4800E+0
12.30	0.382	1.4800E+0
12.40	0.385	1.4800E+0
12.50	0.389	1.4700E+0
12.60	0.392	1.4800E+0
12.70	0.395	1.4800E+0
12.80	0.399	1.4800E+0
12.90	0.401	1.4700E+0
13.00	0.405	1.4800E+0
13.10	0.408	1.4800E+0
13.20	0.412	1.4800E+0
13.30	0.415	1.4700E+0
13.40	0.418	1.4700E+0
13.50	0.421	1.4800E+0
13.60	0.425	1.4700E+0
13.70	0.428	1.4700E+0
13.80	0.431	1.4800E+0
13.90	0.435	1.4800E+0
14.00	0.438	1.4800E+0
14.10	0.441	1.4900E+0
14.20	0.444	1.4800E+0
14.30	0.448	1.4700E+0
14.40	0.451	1.4700E+0
14.50	0.454	1.4800E+0
14.60	0.457	1.4800E+0
14.70	0.461	1.4800E+0
14.80	0.464	1.4800E+0
14.90	0.468	1.4800E+0
15.00	0.471	1.4800E+0
15.10	0.474	1.4700E+0
15.20	0.477	1.4700E+0
15.30	0.481	1.4700E+0
15.40	0.484	1.4800E+0
15.50	0.487	1.4800E+0
15.60	0.490	1.4800E+0
15.70	0.493	1.4800E+0
15.80	0.497	1.4800E+0
15.90	0.500	1.4900E+0
16.00	0.503	1.4800E+0
16.10	0.507	1.4800E+0
16.20	0.509	1.4800E+0
16.30	0.513	1.4700E+0
16.40	0.516	1.4800E+0
16.50	0.519	1.4700E+0
16.60	0.523	1.4700E+0
16.70	0.526	1.4800E+0
16.80	0.529	1.4800E+0
16.90	0.533	1.4800E+0
17.00	0.536	1.4800E+0
17.10	0.539	1.4800E+0
17.20	0.542	1.4700E+0
17.30	0.545	1.4800E+0
17.40	0.549	1.4800E+0
17.50	0.552	1.4700E+0
17.60	0.555	1.4800E+0
17.70	0.559	1.4800E+0
17.80	0.562	1.4900E+0
17.90	0.565	1.4700E+0
18.00	0.568	1.4800E+0
18.10	0.572	1.4800E+0
18.20	0.575	1.4800E+0
18.30	0.578	1.4800E+0
18.40	0.581	1.4800E+0
18.50	0.584	1.4800E+0
18.60	0.588	1.4800E+0
18.70	0.591	1.4800E+0
18.80	0.594	1.4700E+0
18.90	0.597	1.4800E+0
19.00	0.600	1.4800E+0
19.10	0.603	1.4800E+0
19.20	0.607	1.4800E+0
19.30	0.609	1.4800E+0
19.40	0.613	1.4700E+0
19.50	0.616	1.4600E+0
19.60	0.619	1.4700E+0
19.70	0.623	1.4900E+0
19.80	0.626	1.4800E+0
19.90	0.629	1.4900E+0
20.00	0.632	1.4800E+0
20.10	0.636	1.4800E+0
20.20	0.639	1.4800E+0
20.30	0.642	1.4800E+0
20.40	0.645	1.4800E+0
20.50	0.648	1.4800E+0
20.60	0.651	1.4800E+0
20.70	0.655	1.4800E+0
20.80	0.657	1.4800E+0
20.90	0.661	1.4800E+0
21.00	0.664	1.4800E+0
21.10	0.667	1.4800E+0
21.20	0.670	1.4800E+0
21.30	0.673	1.4900E+0
21.40	0.677	1.4800E+0
21.50	0.680	1.4800E+0
21.60	0.683	1.4800E+0
21.70	0.686	1.4800E+0
21.80	0.689	1.4800E+0
21.90	0.693	1.4800E+0
22.00	0.696	1.4700E+0
22.10	0.699	1.4700E+0
22.20	0.702	1.4800E+0
22.30	0.705	1.4800E+0
22.40	0.709	1.4800E+0
22.50	0.712	1.4900E+0
22.60	0.715	1.4800E+0
22.70	0.718	1.4800E+0
22.80	0.721	1.4700E+0
22.90	0.725	1.4700E+0
23.00	0.728	1.4700E+0
23.10	0.731	1.4800E+0
23.20	0.734	1.4800E+0
23.30	0.737	1.4800E+0
23.40	0.741	1.4800E+0
23.50	0.744	1.4800E+0
23.60	0.747	1.4800E+0
23.70	0.750	1.4800E+0
23.80	0.753	1.4800E+0
23.90	0.756	1.4800E+0
24.00	0.760	1.4800E+0
24.10	0.763	1.4700E+0
24.20	0.766	1.4700E+0
24.30	0.769	1.4800E+0
24.40	0.772	1.4800E+0
24.50	0.776	1.4800E+0
24.60	0.779	1.4800E+0
24.70	0.782	1.4800E+0
24.80	0.785	1.4700E+0
24.90	0.788	1.4800E+0
25.00	0.792	1.4800E+0
25.10	0.795	1.4800E+0
25.20	0.798	1.4800E+0
25.30	0.801	1.4800E+0
25.40	0.804	1.4900E+0
25.50	0.808	1.4800E+0
25.60	0.811	1.4800E+0
25.70	0.814	1.4800E+0
25.80	0.817	1.4800E+0
25.90	0.821	1.4800E+0
26.00	0.824	1.4800E+0
26.10	0.827	1.4800E+0
26.20	0.830	1.4800E+0
26.30	0.833	1.4900E+0
26.40	0.837	1.4800E+0
26.50	0.840	1.4800E+0
26.60	0.843	1.4700E+0
26.70	0.846	1.4700E+0
26.80	0.849	1.4800E+0
26.90	0.852	1.4800E+0
27.00	0.856	1.4800E+0
27.10	0.859	1.4800E+0
27.20	0.862	1.4800E+0
27.30	0.865	1.4800E+0
27.40	0.868	1.4900E+0
27.50	0.872	1.4700E+0
27.60	0.875	1.4700E+0
27.70	0.878	1.4800E+0
27.80	0.881	1.4800E+0
27.90	0.884	1.4800E+0
28.00	0.888	1.4800E+0
28.10	0.891	1.4800E+0
28.20	0.894	1.4800E+0
28.30	0.897	1.4800E+0
28.40	0.901	1.4700E+0
28.50	0.904	1.4700E+0
28.60	0.907	1.4800E+0
28.70	0.910	1.4800E+0
28.80	0.913	1.4900E+0
28.90	0.916	1.4800E+0
29.00	0.920	1.4800E+0
29.10	0.923	1.4800E+0
29.20	0.926	1.4800E+0
29.30	0.929	1.4700E+0
29.40	0.932	1.4800E+0
29.50	0.935	1.4800E+0
29.60	0.939	1.4800E+0
29.70	0.942	1.4800E+0
29.80	0.945	1.4800E+0
29.90	0.948	1.4700E+0
30.00	0.951	1.4700E+0
30.10	0.955	1.4700E+0
30.20	0.957	1.4800E+0
30.30	0.961	1.4800E+0
30.40	0.964	1.4700E+0
30.50	0.967	1.4700E+0
30.60	0.971	1.4700E+0
30.70	0.973	1.4800E+0
30.80	0.977	1.4800E+0
30.90	0.980	1.4700E+0
31.00	0.983	1.4800E+0
31.10	0.987	1.4900E+0
31.20	0.989	1.4800E+0
31.30	0.993	1.4700E+0
31.40	0.996	1.4800E+0
31.50	0.999	1.4600E+0
31.60	1.003	1.4800E+0
31.70	1.006	1.4800E+0
31.80	1.009	1.4800E+0
31.90	1.012	1.4800E+0
32.00	1.015	1.4700E+0
32.10	1.019	1.4800E+0
32.20	1.021	1.4800E+0
32.30	1.025	1.4700E+0
32.40	1.028	1.4700E+0
32.50	1.031	1.4800E+0
32.60	1.035	1.4700E+0
32.70	1.037	1.4700E+0
32.80	1.041	1.4700E+0
32.90	1.044	1.4700E+0
33.00	1.047	1.4800E+0
33.10	1.051	1.4800E+0
33.20	1.054	1.4800E+0
33.30	1.057	1.4800E+0
33.40	1.060	1.4800E+0
33.50	1.063	1.4900E+0
33.60	1.067	1.4800E+0
33.70	1.070	1.4800E+0
33.80	1.073	1.4800E+0
33.90	1.076	1.4800E+0
34.00	1.080	1.4800E+0
34.10	1.083	1.4800E+0
34.20	1.086	1.4800E+0
34.30	1.089	1.4800E+0
34.40	1.092	1.4800E+0
34.50	1.096	1.4800E+0
34.60	1.099	1.4800E+0
34.70	1.102	1.4800E+0
34.80	1.105	1.4800E+0
34.90	1.109	1.4800E+0
35.00	1.112	1.4800E+0
35.10	1.115	1.4700E+0
35.20	1.118	1.4800E+0
35.30	1.121	1.4800E+0
35.40	1.125	1.4900E+0
35.50	1.128	1.4900E+0
35.60	1.131	1.4800E+0
35.70	1.135	1.4800E+0
35.80	1.137	1.4700E+0
35.90	1.141	1.4800E+0
36.00	1.144	1.4900E+0
36.10	1.147	1.4900E+0
36.20	1.151	1.4800E+0
36.30	1.154	1.4900E+0
36.40	1.157	1.4800E+0
36.50	1.161	1.4800E+0
36.60	1.164	1.4900E+0
36.70	1.167	1.4800E+0
36.80	1.171	1.4900E+0
36.90	1.174	1.4800E+0
37.00	1.177	1.4800E+0
37.10	1.180	1.4800E+0
37.20	1.184	1.4800E+0
37.30	1.187	1.4800E+0
37.40	1.190	1.4800E+0
37.50	1.193	1.4900E+0
37.60	1.197	1.4900E+0
37.70	1.200	1.4800E+0
37.80	1.203	1.4900E+0
37.90	1.207	1.4900E+0
38.00	1.210	1.4800E+0
38.10	1.213	1.4800E+0
38.20	1.217	1.4800E+0
38.30	1.220	1.4900E+0
38.40	1.223	1.4800E+0
38.50	1.227	1.4900E+0
38.60	1.230	1.4900E+0
38.70	1.233	1.5000E+0
38.80	1.236	1.4900E+0
38.90	1.240	1.4900E+0
39.00	1.243	1.4900E+0
39.10	1.246	1.4900E+0
39.20	1.249	1.4800E+0
39.30	1.253	1.4900E+0
39.40	1.256	1.4900E+0
39.50	1.260	1.4900E+0
39.60	1.263	1.4900E+0
39.70	1.266	1.4900E+0
39.80	1.269	1.5000E+0
39.90	1.273	1.4800E+0
40.00	1.276	1.5000E+0
40.10	1.280	1.4900E+0
40.20	1.283	1.4900E+0
40.30	1.286	1.4900E+0
40.40	1.289	1.4900E+0
40.50	1.292	1.4900E+0
40.60	1.296	1.4900E+0
40.70	1.299	1.5000E+0
40.80	1.302	1.4900E+0
40.90	1.305	1.4900E+0
41.00	1.309	1.4900E+0
41.10	1.312	1.4900E+0
41.20	1.315	1.4900E+0
41.30	1.319	1.4900E+0
41.40	1.322	1.5000E+0
41.50	1.325	1.4900E+0
41.60	1.329	1.4900E+0
41.70	1.332	1.4900E+0
41.80	1.335	1.5100E+0
41.90	1.339	1.4900E+0
42.00	1.342	1.5000E+0
42.10	1.345	1.4900E+0
42.20	1.349	1.5000E+0
42.30	1.352	1.5000E+0
42.40	1.355	1.5000E+0
42.50	1.359	1.5000E+0
42.60	1.362	1.5000E+0
42.70	1.365	1.5000E+0
42.80	1.369	1.5000E+0
42.90	1.372	1.5000E+0
43.00	1.375	1.5100E+0
43.10	1.379	1.5000E+0
43.20	1.382	1.5000E+0
43.30	1.385	1.5100E+0
43.40	1.389	1.5000E+0
43.50	1.392	1.5000E+0
43.60	1.395	1.5100E+0
43.70	1.399	1.5000E+0
43.80	1.402	1.5000E+0
43.90	1.405	1.5100E+0
44.00	1.409	1.5000E+0
44.10	1.412	1.5100E+0
44.20	1.415	1.5100E+0
44.30	1.419	1.5100E+0
44.40	1.422	1.5000E+0
44.50	1.425	1.5100E+0
44.60	1.429	1.5100E+0
44.70	1.432	1.5100E+0
44.80	1.435	1.5100E+0
44.90	1.439	1.5200E+0
45.00	1.442	1.5100E+0
45.10	1.445	1.5100E+0
45.20	1.448	1.5200E+0
45.30	1.452	1.5200E+0
45.40	1.455	1.5100E+0
45.50	1.458	1.5100E+0
45.60	1.461	1.5200E+0
45.70	1.465	1.5200E+0
45.80	1.468	1.5100E+0
45.90	1.471	1.5200E+0
46.00	1.475	1.5200E+0
46.10	1.478	1.5100E+0
46.20	1.481	1.5100E+0
46.30	1.484	1.5200E+0
46.40	1.488	1.5200E+0
46.50	1.491	1.5300E+0
46.60	1.494	1.5200E+0
46.70	1.497	1.5100E+0
46.80	1.501	1.5200E+0
46.90	1.504	1.5200E+0
47.00	1.507	1.5200E+0
47.10	1.510	1.5200E+0
47.20	1.513	1.5200E+0
47.30	1.517	1.5200E+0
47.40	1.520	1.5300E+0
47.50	1.523	1.5300E+0
47.60	1.526	1.5200E+0
47.70	1.529	1.5200E+0
47.80	1.533	1.5300E+0
47.90	1.536	1.5300E+0
48.00	1.539	1.5200E+0
48.10	1.543	1.5300E+0
48.20	1.546	1.5300E+0
48.30	1.549	1.5300E+0
48.40	1.552	1.5300E+0
48.50	1.555	1.5300E+0
48.60	1.559	1.5300E+0
48.70	1.562	1.5300E+0
48.80	1.565	1.5300E+0
48.90	1.568	1.5300E+0
49.00	1.572	1.5400E+0
49.10	1.575	1.5300E+0
49.20	1.578	1.5300E+0
49.30	1.581	1.5300E+0
49.40	1.584	1.5300E+0
49.50	1.588	1.5400E+0
49.60	1.591	1.5300E+0
49.70	1.594	1.5400E+0
49.80	1.597	1.5300E+0
49.90	1.601	1.5400E+0
50.00	1.604	1.5400E+0
50.10	1.607	1.5300E+0
50.20	1.611	1.5400E+0
50.30	1.614	1.5300E+0
50.40	1.617	1.5400E+0
50.50	1.620	1.5400E+0
50.60	1.624	1.5300E+0
50.70	1.627	1.5400E+0
50.80	1.630	1.5400E+0
50.90	1.633	1.5500E+0
51.00	1.636	1.5400E+0
51.10	1.640	1.5500E+0
51.20	1.643	1.5400E+0
51.30	1.646	1.5400E+0
51.40	1.649	1.5500E+0
51.50	1.652	1.5500E+0
51.60	1.656	1.5400E+0
51.70	1.659	1.5400E+0
51.80	1.662	1.5500E+0
51.90	1.665	1.5500E+0
52.00	1.669	1.5400E+0
52.10	1.672	1.5400E+0
52.20	1.675	1.5400E+0
52.30	1.678	1.5500E+0
52.40	1.681	1.5500E+0
52.50	1.685	1.5500E+0
52.60	1.688	1.5500E+0
52.70	1.691	1.5500E+0
52.80	1.695	1.5400E+0
52.90	1.698	1.5500E+0
53.00	1.701	1.5500E+0
53.10	1.704	1.5500E+0
53.20	1.708	1.5500E+0
53.30	1.711	1.5500E+0
53.40	1.714	1.5500E+0
53.50	1.717	1.5600E+0
53.60	1.720	1.5500E+0
53.70	1.724	1.5600E+0
53.80	1.727	1.5600E+0
53.90	1.730	1.5600E+0
54.00	1.733	1.5600E+0
54.10	1.737	1.5700E+0
54.20	1.740	1.5600E+0
54.30	1.743	1.5500E+0
54.40	1.746	1.5600E+0
54.50	1.750	1.5600E+0
54.60	1.753	1.5600E+0
54.70	1.756	1.5600E+0
54.80	1.759	1.5600E+0
54.90	1.763	1.5600E+0
55.00	1.766	1.5700E+0
55.10	1.769	1.5700E+0
55.20	1.772	1.5700E+0
55.30	1.776	1.5600E+0
55.40	1.779	1.5700E+0
55.50	1.782	1.5700E+0
55.60	1.786	1.5700E+0
55.70	1.789	1.5700E+0
55.80	1.792	1.5700E+0
55.90	1.796	1.5700E+0
56.00	1.799	1.5700E+0
56.10	1.802	1.5700E+0
56.20	1.809	1.5700E+0
56.30	1.812	1.5700E+0
56.40	1.815	1.5600E+0
56.50	1.818	1.5700E+0
56.60	1.821	1.5700E+0
56.70	1.825	1.5700E+0
56.80	1.828	1.5700E+0
56.90	1.831	1.5700E+0
57.00	1.835	1.5700E+0
57.10	1.838	1.5600E+0
57.20	1.841	1.5700E+0
57.30	1.844	1.5700E+0
57.40	1.847	1.5700E+0
57.50	1.851	1.5700E+0
57.60	1.854	1.5800E+0
57.70	1.857	1.5800E+0
57.80	1.860	1.5700E+0
57.90	1.864	1.5800E+0
58.00	1.867	1.5700E+0
58.10	1.870	1.5700E+0
58.20	1.873	1.5700E+0
58.30	1.877	1.5700E+0
58.40	1.880	1.5700E+0
58.50	1.883	1.5700E+0
58.60	1.886	1.5700E+0
58.70	1.889	1.5700E+0
58.80	1.893	1.5700E+0
58.90	1.896	1.5700E+0
59.00	1.900	1.5700E+0
59.10	1.903	1.5600E+0
59.20	1.906	1.5800E+0
59.30	1.909	1.5700E+0
59.40	1.913	1.5700E+0
59.50	1.916	1.5700E+0
59.60	1.919	1.5700E+0
59.70	1.922	1.5800E+0
59.80	1.925	1.5700E+0
59.90	1.929	1.5700E+0
60.00	1.932	1.5800E+0
60.10	1.936	1.5800E+0
60.20	1.939	1.5800E+0
60.30	1.942	1.5800E+0
60.40	1.945	1.5900E+0
60.50	1.949	1.5800E+0
60.60	1.952	1.5800E+0
60.70	1.956	1.5700E+0
60.80	1.959	1.5700E+0
60.90	1.962	1.5800E+0
61.00	1.966	1.5800E+0
61.10	1.969	1.5800E+0
61.20	1.973	1.5800E+0
61.30	1.976	1.5700E+0
61.40	1.979	1.5700E+0
61.50	1.983	1.5800E+0
61.60	1.986	1.5800E+0
61.70	1.989	1.5800E+0
61.80	1.993	1.5800E+0
61.90	1.996	1.5700E+0
62.00	2.000	1.5800E+0
62.10	2.003	1.5800E+0
62.20	2.006	1.5700E+0
62.30	2.010	1.5800E+0
62.40	2.013	1.5800E+0
62.50	2.016	1.5800E+0
62.60	2.020	1.5800E+0
62.70	2.023	1.5800E+0
62.80	2.027	1.5800E+0
62.90	2.030	1.5700E+0
63.00	2.033	1.5800E+0
63.10	2.037	1.5800E+0
63.20	2.040	1.5800E+0
63.30	2.043	1.5800E+0
63.40	2.047	1.5700E+0
63.50	2.050	1.5800E+0
63.60	2.053	1.5800E+0
63.70	2.057	1.5900E+0
63.80	2.060	1.5800E+0
63.90	2.064	1.5800E+0
64.00	2.067	1.5800E+0
64.10	2.070	1.5800E+0
64.20	2.074	1.5800E+0
64.30	2.077	1.5800E+0
64.40	2.080	1.5800E+0
64.50	2.084	1.5800E+0
64.60	2.087	1.5800E+0
64.70	2.091	1.5800E+0
64.80	2.094	1.5800E+0
64.90	2.097	1.5800E+0
65.00	2.100	1.5800E+0
65.10	2.104	1.5800E+0
65.20	2.107	1.5700E+0
65.30	2.111	1.5700E+0
65.40	2.114	1.5800E+0
65.50	2.117	1.5700E+0
65.60	2.121	1.5800E+0
65.70	2.124	1.5700E+0
65.80	2.127	1.5700E+0
65.90	2.131	1.5800E+0
66.00	2.134	1.5800E+0
66.10	2.137	1.5800E+0
66.20	2.141	1.5800E+0
66.30	2.144	1.5800E+0
66.40	2.148	1.5800E+0
66.50	2.151	1.5700E+0
66.60	2.154	1.5700E+0
66.70	2.158	1.5800E+0
66.80	2.161	1.5700E+0
66.90	2.164	1.5700E+0
67.00	2.168	1.5900E+0
67.10	2.171	1.5800E+0
67.20	2.175	1.5800E+0
67.30	2.178	1.5800E+0
67.40	2.181	1.5700E+0
67.50	2.184	1.5800E+0
67.60	2.188	1.5800E+0
67.70	2.191	1.5700E+0
67.80	2.194	1.5700E+0
67.90	2.197	1.5700E+0
68.00	2.201	1.5700E+0
68.10	2.204	1.5800E+0
68.20	2.207	1.5800E+0
68.30	2.211	1.5700E+0
68.40	2.214	1.5700E+0
68.50	2.217	1.5800E+0
68.60	2.220	1.5900E+0
68.70	2.224	1.5800E+0
68.80	2.227	1.5800E+0
68.90	2.230	1.5700E+0
69.00	2.233	1.5700E+0
69.10	2.237	1.5700E+0
69.20	2.240	1.5700E+0
69.30	2.243	1.5800E+0
69.40	2.247	1.5800E+0
69.50	2.250	1.5900E+0
69.60	2.253	1.5800E+0
69.70	2.256	1.5900E+0
69.80	2.260	1.5800E+0
69.90	2.263	1.5800E+0
70.00	2.266	1.5700E+0
70.10	2.270	1.5800E+0
70.20	2.273	1.5800E+0
70.30	2.276	1.5800E+0
70.40	2.279	1.5900E+0
70.50	2.283	1.5800E+0
70.60	2.286	1.5800E+0
70.70	2.289	1.5800E+0
70.80	2.292	1.5800E+0
70.90	2.296	1.5800E+0
71.00	2.299	1.5900E+0
71.10	2.302	1.5800E+0
71.20	2.305	1.5900E+0
71.30	2.309	1.5900E+0
71.40	2.312	1.5900E+0
71.50	2.315	1.6000E+0
71.60	2.319	1.6000E+0
71.70	2.322	1.5900E+0
71.80	2.325	1.6000E+0
71.90	2.328	1.6000E+0
72.00	2.331	1.6000E+0
72.10	2.335	1.6000E+0
72.20	2.338	1.6000E+0
72.30	2.341	1.6000E+0
72.40	2.344	1.6100E+0
72.50	2.348	1.6100E+0
72.60	2.351	1.6100E+0
72.70	2.354	1.6100E+0
72.80	2.357	1.6000E+0
72.90	2.361	1.6100E+0
73.00	2.364	1.6100E+0
73.10	2.367	1.6100E+0
73.20	2.370	1.6000E+0
73.30	2.373	1.6100E+0
73.40	2.377	1.6100E+0
73.50	2.380	1.6100E+0
73.60	2.383	1.6100E+0
73.70	2.386	1.6100E+0
73.80	2.389	1.6200E+0
73.90	2.393	1.6200E+0
74.00	2.396	1.6200E+0
74.10	2.399	1.6200E+0
74.20	2.402	1.6200E+0
74.30	2.405	1.6200E+0
74.40	2.408	1.6200E+0
74.50	2.412	1.6200E+0
74.60	2.415	1.6100E+0
74.70	2.418	1.6100E+0
74.80	2.421	1.6200E+0
74.90	2.425	1.6300E+0
75.00	2.428	1.6300E+0
75.10	2.431	1.6200E+0
75.20	2.434	1.6200E+0
75.30	2.437	1.6300E+0
75.40	2.441	1.6300E+0
75.50	2.444	1.6300E+0
75.60	2.447	1.6400E+0
75.70	2.450	1.6400E+0
75.80	2.453	1.6400E+0
75.90	2.457	1.6400E+0
76.00	2.460	1.6400E+0
76.10	2.463	1.6400E+0
76.20	2.466	1.6400E+0
76.30	2.470	1.6500E+0
76.40	2.473	1.6400E+0
76.50	2.476	1.6400E+0
76.60	2.479	1.6400E+0
76.70	2.483	1.6500E+0
76.80	2.486	1.6500E+0
76.90	2.489	1.6500E+0
77.00	2.492	1.6500E+0
77.10	2.496	1.6500E+0
77.20	2.499	1.6500E+0
77.30	2.502	1.6500E+0
77.40	2.505	1.6600E+0
77.50	2.509	1.6400E+0
77.60	2.512	1.6500E+0
77.70	2.515	1.6600E+0
77.80	2.519	1.6600E+0
77.90	2.522	1.6600E+0
78.00	2.525	1.6600E+0
78.10	2.528	1.6600E+0
78.20	2.532	1.6700E+0
78.30	2.535	1.6600E+0
78.40	2.538	1.6500E+0
78.50	2.541	1.6600E+0
78.60	2.545	1.6700E+0
78.70	2.548	1.6700E+0
78.80	2.551	1.6600E+0
78.90	2.555	1.6600E+0
79.00	2.558	1.6700E+0
79.10	2.561	1.6700E+0
79.20	2.564	1.6700E+0
79.30	2.568	1.6600E+0
79.40	2.571	1.6700E+0
79.50	2.574	1.6700E+0
79.60	2.577	1.6800E+0
79.70	2.580	1.6700E+0
79.80	2.584	1.6800E+0
79.90	2.587	1.6900E+0
80.00	2.590	1.6800E+0
80.10	2.593	1.6800E+0
80.20	2.596	1.6800E+0
80.30	2.600	1.6800E+0
80.40	2.603	1.6800E+0
80.50	2.606	1.6900E+0
80.60	2.609	1.6800E+0
80.70	2.613	1.6800E+0
80.80	2.616	1.6800E+0
80.90	2.620	1.6800E+0
81.00	2.623	1.6900E+0
81.10	2.626	1.6900E+0
81.20	2.629	1.6900E+0
81.30	2.632	1.6900E+0
81.40	2.636	1.7000E+0
81.50	2.639	1.6900E+0
81.60	2.642	1.6900E+0
81.70	2.645	1.7000E+0
81.80	2.649	1.7000E+0
81.90	2.652	1.7100E+0
82.00	2.655	1.7000E+0
82.10	2.658	1.7000E+0
82.20	2.661	1.7000E+0
82.30	2.665	1.7000E+0
82.40	2.668	1.7000E+0
82.50	2.672	1.7000E+0
82.60	2.675	1.7000E+0
82.70	2.678	1.7100E+0
82.80	2.681	1.7100E+0
82.90	2.685	1.7100E+0
83.00	2.688	1.7100E+0
83.10	2.691	1.7100E+0
83.20	2.694	1.7100E+0
83.30	2.697	1.7200E+0
83.40	2.701	1.7100E+0
83.50	2.704	1.7200E+0
83.60	2.708	1.7300E+0
83.70	2.711	1.7200E+0
83.80	2.714	1.7200E+0
83.90	2.717	1.7200E+0
84.00	2.721	1.7200E+0
84.10	2.724	1.7200E+0
84.20	2.727	1.7100E+0
84.30	2.731	1.7200E+0
84.40	2.734	1.7200E+0
84.50	2.737	1.7200E+0
84.60	2.740	1.7200E+0
84.70	2.744	1.7200E+0
84.80	2.747	1.7300E+0
84.90	2.751	1.7300E+0
85.00	2.754	1.7300E+0
85.10	2.757	1.7300E+0
85.20	2.760	1.7300E+0
85.30	2.764	1.7300E+0
85.40	2.767	1.7300E+0
85.50	2.770	1.7300E+0
85.60	2.773	1.7200E+0
85.70	2.777	1.7300E+0
85.80	2.780	1.7300E+0
85.90	2.784	1.7300E+0
86.00	2.787	1.7300E+0
86.10	2.790	1.7300E+0
86.20	2.794	1.7400E+0
86.30	2.797	1.7300E+0
86.40	2.801	1.7400E+0
86.50	2.804	1.7400E+0
86.60	2.807	1.7400E+0
86.70	2.811	1.7300E+0
86.80	2.814	1.7400E+0
86.90	2.817	1.7400E+0
87.00	2.821	1.7400E+0
87.10	2.824	1.7500E+0
87.20	2.828	1.7400E+0
87.30	2.831	1.7300E+0
87.40	2.835	1.7400E+0
87.50	2.838	1.7400E+0
87.60	2.841	1.7500E+0
87.70	2.845	1.7600E+0
87.80	2.848	1.7500E+0
87.90	2.851	1.7500E+0
88.00	2.855	1.7500E+0
88.10	2.858	1.7400E+0
88.20	2.861	1.7500E+0
88.30	2.865	1.7500E+0
88.40	2.868	1.7500E+0
88.50	2.871	1.7600E+0
88.60	2.875	1.7500E+0
88.70	2.878	1.7600E+0
88.80	2.882	1.7600E+0
88.90	2.885	1.7600E+0
89.00	2.889	1.7600E+0
89.10	2.892	1.7600E+0
89.20	2.895	1.7600E+0
89.30	2.899	1.7700E+0
89.40	2.902	1.7700E+0
89.50	2.905	1.7600E+0
89.60	2.909	1.7600E+0
89.70	2.912	1.7700E+0
89.80	2.916	1.7700E+0
89.90	2.919	1.7700E+0
90.00	2.922	1.7800E+0
90.10	2.925	1.7700E+0
90.20	2.929	1.7700E+0
90.30	2.932	1.7700E+0
90.40	2.936	1.7800E+0
90.50	2.939	1.7800E+0
90.60	2.942	1.7800E+0
90.70	2.945	1.7800E+0
90.80	2.949	1.7800E+0
90.90	2.952	1.7800E+0
91.00	2.956	1.7900E+0
91.10	2.959	1.7800E+0
91.20	2.962	1.7900E+0
91.30	2.965	1.7900E+0
91.40	2.969	1.7900E+0
91.50	2.972	1.7900E+0
91.60	2.975	1.7900E+0
91.70	2.979	1.7900E+0
91.80	2.982	1.8000E+0
91.90	2.985	1.8000E+0
92.00	2.989	1.8000E+0
92.10	2.992	1.7900E+0
92.20	2.995	1.8000E+0
92.30	2.999	1.8100E+0
92.40	3.002	1.8000E+0
92.50	3.005	1.8100E+0
92.60	3.008	1.8000E+0
92.70	3.012	1.8000E+0
92.80	3.015	1.8100E+0
92.90	3.018	1.8200E+0
93.00	3.021	1.8100E+0
93.10	3.025	1.8100E+0
93.20	3.028	1.8100E+0
93.30	3.031	1.8100E+0
93.40	3.034	1.8200E+0
93.50	3.038	1.8200E+0
93.60	3.041	1.8100E+0
93.70	3.044	1.8100E+0
93.80	3.048	1.8100E+0
93.90	3.051	1.8100E+0
94.00	3.054	1.8200E+0
94.10	3.057	1.8300E+0
94.20	3.061	1.8200E+0
94.30	3.064	1.8300E+0
94.40	3.067	1.8200E+0
94.50	3.071	1.8200E+0
94.60	3.074	1.8300E+0
94.70	3.077	1.8300E+0
94.80	3.080	1.8300E+0
94.90	3.084	1.8300E+0
95.00	3.087	1.8300E+0
95.10	3.090	1.8400E+0
95.20	3.093	1.8400E+0
95.30	3.097	1.8400E+0
95.40	3.100	1.8300E+0
95.50	3.103	1.8300E+0
95.60	3.106	1.8400E+0
95.70	3.109	1.8400E+0
95.80	3.113	1.8400E+0
95.90	3.116	1.8400E+0
96.00	3.119	1.8400E+0
96.10	3.122	1.8500E+0
96.20	3.125	1.8400E+0
96.30	3.129	1.8400E+0
96.40	3.132	1.8500E+0
96.50	3.135	1.8500E+0
96.60	3.138	1.8500E+0
96.70	3.141	1.8500E+0
96.80	3.145	1.8500E+0
96.90	3.148	1.8600E+0
97.00	3.151	1.8500E+0
97.10	3.155	1.8600E+0
97.20	3.158	1.8500E+0
97.30	3.161	1.8600E+0
97.40	3.164	1.8500E+0
97.50	3.167	1.8600E+0
97.60	3.171	1.8600E+0
97.70	3.174	1.8600E+0
97.80	3.177	1.8600E+0
97.90	3.180	1.8600E+0
98.00	3.184	1.8700E+0
98.10	3.187	1.8600E+0
98.20	3.190	1.8600E+0
98.30	3.193	1.8600E+0
98.40	3.196	1.8600E+0
98.50	3.200	1.8700E+0
98.60	3.203	1.8600E+0
98.70	3.206	1.8700E+0
98.80	3.209	1.8600E+0
98.90	3.212	1.8700E+0
99.00	3.216	1.8700E+0
99.10	3.219	1.8600E+0
99.20	3.222	1.8700E+0
99.30	3.225	1.8600E+0
99.40	3.228	1.8800E+0
99.50	3.232	1.8700E+0
99.60	3.235	1.8700E+0
99.70	3.238	1.8700E+0
99.80	3.241	1.8700E+0
99.90	3.245	1.8700E+0
100.00	3.248	1.8700E+0
100.10	3.251	1.8700E+0
100.20	3.254	1.8800E+0
100.30	3.258	1.8700E+0
100.40	3.261	1.8800E+0
100.50	3.264	1.8800E+0
100.60	3.267	1.8800E+0
100.70	3.271	1.8800E+0
100.80	3.274	1.8800E+0
100.90	3.277	1.8800E+0
101.00	3.280	1.8800E+0
101.10	3.284	1.8800E+0
101.20	3.287	1.8800E+0
101.30	3.290	1.8900E+0
101.40	3.293	1.8900E+0
101.50	3.296	1.8900E+0
101.60	3.300	1.8900E+0
101.70	3.303	1.8900E+0
101.80	3.306	1.8900E+0
101.90	3.309	1.8900E+0
102.00	3.312	1.8900E+0
102.10	3.316	1.9000E+0
102.20	3.319	1.8900E+0
102.30	3.322	1.9000E+0
102.40	3.325	1.9000E+0
102.50	3.329	1.9000E+0
102.60	3.332	1.8900E+0
102.70	3.335	1.9000E+0
102.80	3.338	1.9000E+0
102.90	3.341	1.9000E+0
103.00	3.345	1.9000E+0
103.10	3.348	1.9000E+0
103.20	3.351	1.9000E+0
103.30	3.355	1.9000E+0
103.40	3.358	1.9000E+0
103.50	3.361	1.9100E+0
103.60	3.364	1.9100E+0
103.70	3.368	1.9200E+0
103.80	3.371	1.9100E+0
103.90	3.374	1.9200E+0
104.00	3.377	1.9100E+0
104.10	3.381	1.9100E+0
104.20	3.384	1.9200E+0
104.30	3.387	1.9100E+0
104.40	3.391	1.9100E+0
104.50	3.394	1.9100E+0
104.60	3.397	1.9200E+0
104.70	3.400	1.9200E+0
104.80	3.404	1.9200E+0
104.90	3.407	1.9200E+0
105.00	3.410	1.9200E+0
105.10	3.413	1.9100E+0
105.20	3.417	1.9200E+0
105.30	3.420	1.9200E+0
105.40	3.424	1.9200E+0
105.50	3.427	1.9300E+0
105.60	3.430	1.9200E+0
105.70	3.433	1.9200E+0
105.80	3.437	1.9300E+0
105.90	3.440	1.9300E+0
106.00	3.443	1.9200E+0
106.10	3.447	1.9300E+0
106.20	3.450	1.9300E+0
106.30	3.453	1.9200E+0
106.40	3.456	1.9300E+0
106.50	3.460	1.9300E+0
106.60	3.463	1.9300E+0
106.70	3.466	1.9300E+0
106.80	3.469	1.9400E+0
106.90	3.473	1.9300E+0
107.00	3.476	1.9400E+0
107.10	3.479	1.9400E+0
107.20	3.483	1.9400E+0
107.30	3.486	1.9400E+0
107.40	3.489	1.9400E+0
107.50	3.492	1.9400E+0
107.60	3.496	1.9400E+0
107.70	3.499	1.9400E+0
107.80	3.502	1.9500E+0
107.90	3.505	1.9500E+0
108.00	3.509	1.9500E+0
108.10	3.512	1.9500E+0
108.20	3.515	1.9500E+0
108.30	3.518	1.9400E+0
108.40	3.522	1.9500E+0
108.50	3.525	1.9500E+0
108.60	3.528	1.9500E+0
108.70	3.532	1.9500E+0
108.80	3.535	1.9500E+0
108.90	3.538	1.9400E+0
109.00	3.541	1.9500E+0
109.10	3.545	1.9500E+0
109.20	3.548	1.9500E+0
109.30	3.551	1.9500E+0
109.40	3.555	1.9500E+0
109.50	3.558	1.9600E+0
109.60	3.561	1.9600E+0
109.70	3.564	1.9600E+0
109.80	3.568	1.9600E+0
109.90	3.571	1.9700E+0
110.00	3.575	1.9700E+0
110.10	3.578	1.9600E+0
110.20	3.581	1.9600E+0
110.30	3.585	1.9700E+0
110.40	3.588	1.9600E+0
110.50	3.591	1.9700E+0
110.60	3.595	1.9700E+0
110.70	3.598	1.9700E+0
110.80	3.602	1.9700E+0
110.90	3.605	1.9800E+0
111.00	3.608	1.9800E+0
111.10	3.612	1.9700E+0
111.20	3.615	1.9700E+0
111.30	3.619	1.9800E+0
111.40	3.622	1.9800E+0
111.50	3.625	1.9900E+0
111.60	3.629	1.9800E+0
111.70	3.632	1.9800E+0
111.80	3.635	1.9800E+0
111.90	3.639	1.9800E+0
112.00	3.642	1.9800E+0
112.10	3.645	1.9800E+0
112.20	3.649	1.9800E+0
112.30	3.652	1.9900E+0
112.40	3.655	1.9900E+0
112.50	3.659	1.9900E+0
112.60	3.662	1.9900E+0
112.70	3.665	1.9800E+0
112.80	3.669	1.9900E+0
112.90	3.672	2.0000E+0
113.00	3.676	1.9900E+0
113.10	3.679	1.9800E+0
113.20	3.682	1.9900E+0
113.30	3.686	1.9900E+0
113.40	3.689	2.0000E+0
113.50	3.692	2.0000E+0
113.60	3.696	1.9900E+0
113.70	3.699	2.0000E+0
113.80	3.702	2.0000E+0
113.90	3.706	2.0000E+0
114.00	3.709	1.9900E+0
114.10	3.712	2.0000E+0
114.20	3.716	2.0000E+0
114.30	3.719	2.0000E+0
114.40	3.722	2.0000E+0
114.50	3.726	2.0100E+0
114.60	3.729	2.0000E+0
114.70	3.732	2.0000E+0
114.80	3.736	2.0000E+0
114.90	3.739	2.0000E+0
115.00	3.742	2.0100E+0
115.10	3.746	2.0000E+0
115.20	3.749	2.0100E+0
115.30	3.752	2.0100E+0
115.40	3.756	2.0100E+0
115.50	3.759	2.0100E+0
115.60	3.762	2.0100E+0
115.70	3.766	2.0100E+0
115.80	3.769	2.0100E+0
115.90	3.772	2.0100E+0
116.00	3.776	2.0100E+0
116.10	3.779	2.0100E+0
116.20	3.782	2.0200E+0
116.30	3.785	2.0200E+0
116.40	3.789	2.0100E+0
116.50	3.792	2.0100E+0
116.60	3.796	2.0200E+0
116.70	3.799	2.0200E+0
116.80	3.802	2.0200E+0
116.90	3.805	2.0200E+0
117.00	3.809	2.0200E+0
117.10	3.812	2.0200E+0
117.20	3.815	2.0300E+0
117.30	3.819	2.0200E+0
117.40	3.822	2.0200E+0
117.50	3.825	2.0300E+0
117.60	3.828	2.0300E+0
117.70	3.832	2.0300E+0
117.80	3.835	2.0200E+0
117.90	3.838	2.0300E+0
118.00	3.841	2.0200E+0
118.10	3.845	2.0300E+0
118.20	3.848	2.0200E+0
118.30	3.851	2.0200E+0
118.40	3.855	2.0300E+0
118.50	3.858	2.0300E+0
118.60	3.861	2.0300E+0
118.70	3.864	2.0300E+0
118.80	3.867	2.0300E+0
118.90	3.871	2.0300E+0
119.00	3.874	2.0300E+0
119.10	3.877	2.0300E+0
119.20	3.880	2.0300E+0
119.30	3.884	2.0300E+0
119.40	3.887	2.0300E+0
119.50	3.890	2.0400E+0
119.60	3.893	2.0300E+0
119.70	3.897	2.0300E+0
119.80	3.900	2.0300E+0
119.90	3.903	2.0300E+0
120.00	3.907	2.0300E+0
120.10	3.910	2.0300E+0
120.20	3.913	2.0300E+0
120.30	3.916	2.0300E+0
120.40	3.919	2.0400E+0
120.50	3.923	2.0500E+0
120.60	3.926	2.0400E+0
120.70	3.929	2.0400E+0
120.80	3.932	2.0400E+0
120.90	3.935	2.0400E+0
121.00	3.939	2.0400E+0
121.10	3.942	2.0400E+0
121.20	3.945	2.0500E+0
121.30	3.948	2.0500E+0
121.40	3.952	2.0500E+0
121.50	3.955	2.0500E+0
121.60	3.958	2.0500E+0
121.70	3.961	2.0400E+0
121.80	3.965	2.0400E+0
121.90	3.968	2.0500E+0
122.00	3.971	2.0500E+0
122.10	3.975	2.0500E+0
122.20	3.978	2.0500E+0
122.30	3.981	2.0500E+0
122.40	3.984	2.0600E+0
122.50	3.988	2.0500E+0
122.60	3.991	2.0500E+0
122.70	3.994	2.0500E+0
122.80	3.997	2.0500E+0
122.90	4.000	2.0500E+0
123.00	4.004	2.0500E+0
123.10	4.007	2.0600E+0
123.20	4.010	2.0500E+0
123.30	4.013	2.0500E+0
123.40	4.016	2.0500E+0
123.50	4.020	2.0500E+0
123.60	4.023	2.0600E+0
123.70	4.026	2.0700E+0
123.80	4.029	2.0600E+0
123.90	4.032	2.0600E+0
124.00	4.036	2.0500E+0
124.10	4.039	2.0700E+0
124.20	4.042	2.0600E+0
124.30	4.045	2.0600E+0
124.40	4.048	2.0500E+0
124.50	4.052	2.0500E+0
124.60	4.055	2.0700E+0
124.70	4.058	2.0600E+0
124.80	4.061	2.0600E+0
124.90	4.064	2.0600E+0
125.00	4.068	2.0700E+0
125.10	4.071	2.0700E+0
125.20	4.074	2.0700E+0
125.30	4.077	2.0700E+0
125.40	4.081	2.0700E+0
125.50	4.084	2.0700E+0
125.60	4.087	2.0700E+0
125.70	4.091	2.0800E+0
125.80	4.094	2.0700E+0
125.90	4.097	2.0700E+0
126.00	4.100	2.0600E+0
126.10	4.103	2.0600E+0
126.20	4.107	2.0700E+0
126.30	4.110	2.0700E+0
126.40	4.113	2.0700E+0
126.50	4.116	2.0700E+0
126.60	4.120	2.0700E+0
126.70	4.123	2.0700E+0
126.80	4.126	2.0700E+0
126.90	4.129	2.0700E+0
127.00	4.133	2.0700E+0
127.10	4.136	2.0700E+0
127.20	4.139	2.0800E+0
127.30	4.143	2.0700E+0
127.40	4.146	2.0800E+0
127.50	4.149	2.0800E+0
127.60	4.152	2.0700E+0
127.70	4.156	2.0700E+0
127.80	4.159	2.0900E+0
127.90	4.162	2.0800E+0
128.00	4.165	2.0800E+0
128.10	4.169	2.0700E+0
128.20	4.172	2.0800E+0
128.30	4.175	2.0800E+0
128.40	4.179	2.0800E+0
128.50	4.182	2.0800E+0
128.60	4.185	2.0800E+0
128.70	4.188	2.0800E+0
128.80	4.192	2.0700E+0
128.90	4.195	2.0800E+0
129.00	4.198	2.0800E+0
129.10	4.201	2.0900E+0
129.20	4.204	2.0800E+0
129.30	4.208	2.0700E+0
129.40	4.211	2.0800E+0
129.50	4.214	2.0900E+0
129.60	4.217	2.0900E+0
129.70	4.221	2.0900E+0
129.80	4.224	2.0800E+0
129.90	4.227	2.0900E+0
130.00	4.231	2.0800E+0
130.10	4.234	2.0800E+0
130.20	4.237	2.0900E+0
130.30	4.240	2.0900E+0
130.40	4.243	2.0900E+0
130.50	4.247	2.0900E+0
130.60	4.250	2.0800E+0
130.70	4.253	2.0900E+0
130.80	4.256	2.0900E+0
130.90	4.260	2.0900E+0
131.00	4.263	2.0800E+0
131.10	4.266	2.0900E+0
131.20	4.270	2.0900E+0
131.30	4.273	2.0900E+0
131.40	4.276	2.0900E+0
131.50	4.280	2.0900E+0
131.60	4.283	2.0900E+0
131.70	4.286	2.0900E+0
131.80	4.289	2.1000E+0
131.90	4.293	2.1000E+0
132.00	4.296	2.1000E+0
132.10	4.300	2.1000E+0
132.20	4.303	2.0900E+0
132.30	4.306	2.1000E+0
132.40	4.309	2.0900E+0
132.50	4.313	2.0900E+0
132.60	4.316	2.1000E+0
132.70	4.319	2.1000E+0
132.80	4.323	2.0900E+0
132.90	4.326	2.0900E+0
133.00	4.329	2.0900E+0
133.10	4.333	2.1000E+0
133.20	4.336	2.1000E+0
133.30	4.339	2.1000E+0
133.40	4.343	2.1000E+0
133.50	4.346	2.1000E+0
133.60	4.349	2.1000E+0
133.70	4.352	2.1000E+0
133.80	4.356	2.1000E+0
133.90	4.359	2.1000E+0
134.00	4.362	2.1100E+0
134.10	4.365	2.1000E+0
134.20	4.369	2.1000E+0
134.30	4.372	2.1000E+0
134.40	4.375	2.1100E+0
134.50	4.379	2.1000E+0
134.60	4.382	2.1000E+0
134.70	4.385	2.1000E+0
134.80	4.388	2.1100E+0
134.90	4.392	2.1100E+0
135.00	4.395	2.1100E+0
135.10	4.398	2.1100E+0
135.20	4.401	2.1000E+0
135.30	4.405	2.1000E+0
135.40	4.408	2.1100E+0
135.50	4.411	2.1000E+0
135.60	4.414	2.1000E+0
135.70	4.418	2.1000E+0
135.80	4.421	2.1100E+0
135.90	4.424	2.1100E+0
136.00	4.427	2.1000E+0
136.10	4.431	2.1000E+0
136.20	4.434	2.1100E+0
136.30	4.437	2.1100E+0
136.40	4.441	2.1100E+0
136.50	4.444	2.1100E+0
136.60	4.447	2.1100E+0
136.70	4.451	2.1000E+0
136.80	4.454	2.1100E+0
136.90	4.457	2.1000E+0
137.00	4.460	2.1100E+0
137.10	4.464	2.1100E+0
137.20	4.467	2.1100E+0
137.30	4.471	2.1200E+0
137.40	4.474	2.1200E+0
137.50	4.477	2.1100E+0
137.60	4.480	2.1100E+0
137.70	4.484	2.1200E+0
137.80	4.487	2.1100E+0
137.90	4.490	2.1100E+0
138.00	4.494	2.1100E+0
138.10	4.497	2.1100E+0
138.20	4.500	2.1100E+0
138.30	4.503	2.1200E+0
138.40	4.507	2.1100E+0
138.50	4.510	2.1100E+0
138.60	4.513	2.1100E+0
138.70	4.517	2.1200E+0
138.80	4.520	2.1100E+0
138.90	4.523	2.1200E+0
139.00	4.527	2.1200E+0
139.10	4.530	2.1100E+0
139.20	4.533	2.1200E+0
139.30	4.537	2.1200E+0
139.40	4.540	2.1200E+0
139.50	4.543	2.1100E+0
139.60	4.547	2.1200E+0
139.70	4.550	2.1200E+0
139.80	4.553	2.1200E+0
139.90	4.556	2.1100E+0
140.00	4.560	2.1100E+0
140.10	4.563	2.1100E+0
140.20	4.566	2.1100E+0
140.30	4.569	2.1200E+0
140.40	4.572	2.1200E+0
140.50	4.576	2.1200E+0
140.60	4.579	2.1200E+0
140.70	4.582	2.1200E+0
140.80	4.585	2.1300E+0
140.90	4.589	2.1200E+0
141.00	4.592	2.1200E+0
141.10	4.595	2.1200E+0
141.20	4.598	2.1300E+0
141.30	4.601	2.1200E+0
141.40	4.605	2.1200E+0
141.50	4.608	2.1300E+0
141.60	4.611	2.1200E+0
141.70	4.615	2.1200E+0
141.80	4.618	2.1300E+0
141.90	4.621	2.1200E+0
142.00	4.624	2.1200E+0
142.10	4.627	2.1300E+0
142.20	4.631	2.1200E+0
142.30	4.634	2.1200E+0
142.40	4.637	2.1200E+0
142.50	4.640	2.1200E+0
142.60	4.643	2.1200E+0
142.70	4.647	2.1200E+0
142.80	4.650	2.1300E+0
142.90	4.653	2.1200E+0
143.00	4.656	2.1200E+0
143.10	4.660	2.1300E+0
143.20	4.663	2.1300E+0
143.30	4.666	2.1200E+0
143.40	4.669	2.1200E+0
143.50	4.672	2.1300E+0
143.60	4.676	2.1200E+0
143.70	4.679	2.1200E+0
143.80	4.682	2.1300E+0
143.90	4.685	2.1300E+0
144.00	4.688	2.1300E+0
144.10	4.692	2.1200E+0
144.20	4.695	2.1300E+0
144.30	4.698	2.1200E+0
144.40	4.701	2.1300E+0
144.50	4.704	2.1300E+0
144.60	4.708	2.1300E+0
144.70	4.711	2.1300E+0
144.80	4.714	2.1300E+0
144.90	4.717	2.1300E+0
145.00	4.720	2.1300E+0
145.10	4.724	2.1300E+0
145.20	4.727	2.1300E+0
145.30	4.730	2.1200E+0
145.40	4.733	2.1300E+0
145.50	4.736	2.1300E+0
145.60	4.739	2.1400E+0
145.70	4.743	2.1300E+0
145.80	4.746	2.1300E+0
145.90	4.749	2.1300E+0
146.00	4.752	2.1400E+0
146.10	4.755	2.1300E+0
146.20	4.758	2.1300E+0
146.30	4.761	2.1300E+0
146.40	4.765	2.1400E+0
146.50	4.768	2.1300E+0
146.60	4.771	2.1300E+0
146.70	4.774	2.1300E+0
146.80	4.777	2.1300E+0
146.90	4.780	2.1200E+0
147.00	4.783	2.1300E+0
147.10	4.787	2.1300E+0
147.20	4.790	2.1300E+0
147.30	4.793	2.1300E+0
147.40	4.796	2.1200E+0
147.50	4.799	2.1300E+0
147.60	4.803	2.1400E+0
147.70	4.806	2.1300E+0
147.80	4.809	2.1400E+0
147.90	4.812	2.1400E+0
148.00	4.815	2.1400E+0
148.10	4.819	2.1300E+0
148.20	4.822	2.1200E+0
148.30	4.825	2.1300E+0
148.40	4.828	2.1300E+0
148.50	4.832	2.1300E+0
148.60	4.835	2.1200E+0
148.70	4.838	2.1300E+0
148.80	4.841	2.1300E+0
148.90	4.844	2.1300E+0
149.00	4.848	2.1300E+0
149.10	4.851	2.1400E+0
149.20	4.854	2.1300E+0
149.30	4.857	2.1300E+0
149.40	4.861	2.1300E+0
149.50	4.864	2.1300E+0
149.60	4.867	2.1300E+0
149.70	4.870	2.1300E+0
149.80	4.874	2.1400E+0
149.90	4.877	2.1300E+0
150.00	4.880	2.1300E+0
150.10	4.883	2.1300E+0
150.20	4.890	2.1400E+0
150.30	4.893	2.1400E+0
150.40	4.896	2.1300E+0
150.50	4.900	2.1300E+0
150.60	4.903	2.1400E+0
150.70	4.906	2.1300E+0
150.80	4.909	2.1400E+0
150.90	4.912	2.1400E+0
151.00	4.916	2.1400E+0
151.10	4.919	2.1300E+0
151.20	4.922	2.1300E+0
151.30	4.925	2.1300E+0
151.40	4.928	2.1300E+0
151.50	4.932	2.1200E+0
151.60	4.935	2.1300E+0
151.70	4.938	2.1300E+0
151.80	4.941	2.1300E+0
151.90	4.944	2.1300E+0
152.00	4.948	2.1300E+0
152.10	4.951	2.1400E+0
152.20	4.954	2.1400E+0
152.30	4.957	2.1400E+0
152.40	4.960	2.1400E+0
152.50	4.964	2.1300E+0
152.60	4.967	2.1300E+0
152.70	4.970	2.1300E+0
152.80	4.973	2.1300E+0
152.90	4.976	2.1300E+0
153.00	4.980	2.1300E+0
153.10	4.983	2.1300E+0
153.20	4.986	2.1300E+0
153.30	4.989	2.1400E+0
153.40	4.993	2.1400E+0
153.50	4.996	2.1400E+0
153.60	4.999	2.1300E+0
153.70	5.003	2.1400E+0
153.80	5.006	2.1300E+0
153.90	5.009	2.1400E+0
154.00	5.016	2.1400E+0
154.10	5.019	2.1300E+0
154.20	5.022	2.1400E+0
154.30	5.025	2.1300E+0
154.40	5.029	2.1300E+0
154.50	5.032	2.1400E+0
154.60	5.035	2.1300E+0
154.70	5.039	2.1300E+0
154.80	5.042	2.1300E+0
154.90	5.045	2.1300E+0
155.00	5.048	2.1300E+0
155.10	5.052	2.1400E+0
155.20	5.055	2.1400E+0
155.30	5.058	2.1300E+0
155.40	5.061	2.1300E+0
155.50	5.065	2.1400E+0
155.60	5.068	2.1300E+0
155.70	5.071	2.1300E+0
155.80	5.074	2.1400E+0
155.90	5.078	2.1400E+0
156.00	5.081	2.1300E+0
156.10	5.084	2.1400E+0
156.20	5.087	2.1300E+0
156.30	5.091	2.1300E+0
156.40	5.094	2.1300E+0
156.50	5.097	2.1400E+0
156.60	5.100	2.1400E+0
156.70	5.104	2.1300E+0
156.80	5.107	2.1300E+0
156.90	5.110	2.1400E+0
157.00	5.113	2.1300E+0
157.10	5.117	2.1300E+0
157.20	5.120	2.1300E+0
157.30	5.123	2.1300E+0
157.40	5.126	2.1300E+0
157.50	5.129	2.1300E+0
157.60	5.132	2.1400E+0
157.70	5.136	2.1400E+0
157.80	5.139	2.1200E+0
157.90	5.142	2.1300E+0
158.00	5.145	2.1300E+0
158.10	5.149	2.1300E+0
158.20	5.152	2.1300E+0
158.30	5.155	2.1200E+0
158.40	5.158	2.1400E+0
158.50	5.162	2.1300E+0
158.60	5.165	2.1400E+0
158.70	5.168	2.1300E+0
158.80	5.171	2.1400E+0
158.90	5.175	2.1400E+0
159.00	5.178	2.1400E+0
159.10	5.181	2.1400E+0
159.20	5.185	2.1400E+0
159.30	5.188	2.1300E+0
159.40	5.191	2.1400E+0
159.50	5.194	2.1300E+0
159.60	5.198	2.1300E+0
159.70	5.201	2.1300E+0
159.80	5.204	2.1300E+0
159.90	5.208	2.1300E+0
160.00	5.211	2.1300E+0
160.10	5.214	2.1300E+0
160.20	5.218	2.1300E+0
160.30	5.221	2.1300E+0
160.40	5.225	2.1300E+0
160.50	5.228	2.1400E+0
160.60	5.231	2.1400E+0
160.70	5.235	2.1300E+0
160.80	5.238	2.1300E+0
160.90	5.241	2.1400E+0
161.00	5.245	2.1400E+0
161.10	5.248	2.1300E+0
161.20	5.252	2.1400E+0
161.30	5.255	2.1400E+0
161.40	5.258	2.1400E+0
161.50	5.261	2.1400E+0
161.60	5.265	2.1300E+0
161.70	5.268	2.1300E+0
161.80	5.272	2.1300E+0
161.90	5.275	2.1400E+0
162.00	5.278	2.1400E+0
162.10	5.281	2.1400E+0
162.20	5.285	2.1300E+0
162.30	5.288	2.1400E+0
162.40	5.291	2.1400E+0
162.50	5.295	2.1300E+0
162.60	5.298	2.1400E+0
162.70	5.301	2.1300E+0
162.80	5.305	2.1300E+0
162.90	5.308	2.1300E+0
163.00	5.311	2.1300E+0
163.10	5.315	2.1300E+0
163.20	5.318	2.1200E+0
163.30	5.321	2.1300E+0
163.40	5.324	2.1300E+0
163.50	5.328	2.1200E+0
163.60	5.331	2.1400E+0
163.70	5.334	2.1300E+0
163.80	5.338	2.1400E+0
163.90	5.341	2.1300E+0
164.00	5.344	2.1200E+0
164.10	5.348	2.1400E+0
164.20	5.351	2.1300E+0
164.30	5.354	2.1300E+0
164.40	5.358	2.1300E+0
164.50	5.361	2.1300E+0
164.60	5.364	2.1400E+0
164.70	5.368	2.1300E+0
164.80	5.371	2.1400E+0
164.90	5.374	2.1400E+0
165.00	5.377	2.1300E+0
165.10	5.381	2.1300E+0
165.20	5.384	2.1400E+0
165.30	5.388	2.1400E+0
165.40	5.391	2.1300E+0
165.50	5.394	2.1400E+0
165.60	5.397	2.1400E+0
165.70	5.401	2.1400E+0
165.80	5.404	2.1300E+0
165.90	5.408	2.1300E+0
166.00	5.411	2.1300E+0
166.10	5.415	2.1300E+0
166.20	5.418	2.1300E+0
166.30	5.421	2.1500E+0
166.40	5.424	2.1400E+0
166.50	5.428	2.1300E+0
166.60	5.431	2.1400E+0
166.70	5.435	2.1300E+0
166.80	5.438	2.1400E+0
166.90	5.441	2.1300E+0
167.00	5.444	2.1400E+0
167.10	5.448	2.1400E+0
167.20	5.451	2.1300E+0
167.30	5.454	2.1300E+0
167.40	5.458	2.1300E+0
167.50	5.461	2.1300E+0
167.60	5.464	2.1300E+0
167.70	5.468	2.1400E+0
167.80	5.471	2.1400E+0
167.90	5.474	2.1300E+0
168.00	5.477	2.1300E+0
168.10	5.481	2.1300E+0
168.20	5.484	2.1400E+0
168.30	5.487	2.1400E+0
168.40	5.490	2.1300E+0
168.50	5.493	2.1300E+0
168.60	5.497	2.1300E+0
168.70	5.500	2.1400E+0
168.80	5.503	2.1400E+0
168.90	5.506	2.1300E+0
169.00	5.510	2.1400E+0
169.10	5.513	2.1300E+0
169.20	5.516	2.1300E+0
169.30	5.519	2.1400E+0
169.40	5.523	2.1300E+0
169.50	5.526	2.1300E+0
169.60	5.529	2.1400E+0
169.70	5.532	2.1300E+0
169.80	5.535	2.1300E+0
169.90	5.539	2.1400E+0
170.00	5.542	2.1200E+0
170.10	5.545	2.1300E+0
170.20	5.548	2.1400E+0
170.30	5.552	2.1300E+0
170.40	5.555	2.1400E+0
170.50	5.558	2.1300E+0
170.60	5.561	2.1400E+0
170.70	5.564	2.1300E+0
170.80	5.568	2.1300E+0
170.90	5.571	2.1300E+0
171.00	5.574	2.1300E+0
171.10	5.578	2.1300E+0
171.20	5.581	2.1300E+0
171.30	5.584	2.1400E+0
171.40	5.588	2.1300E+0
171.50	5.591	2.1300E+0
171.60	5.594	2.1300E+0
171.70	5.597	2.1300E+0
171.80	5.601	2.1300E+0
171.90	5.604	2.1300E+0
172.00	5.607	2.1300E+0
172.10	5.611	2.1300E+0
172.20	5.614	2.1300E+0
172.30	5.617	2.1300E+0
172.40	5.621	2.1300E+0
172.50	5.624	2.1300E+0
172.60	5.627	2.1400E+0
172.70	5.631	2.1300E+0
172.80	5.634	2.1300E+0
172.90	5.637	2.1300E+0
173.00	5.640	2.1300E+0
173.10	5.644	2.1400E+0
173.20	5.647	2.1300E+0
173.30	5.650	2.1200E+0
173.40	5.653	2.1300E+0
173.50	5.657	2.1300E+0
173.60	5.660	2.1300E+0
173.70	5.663	2.1300E+0
173.80	5.666	2.1300E+0
173.90	5.670	2.1300E+0
174.00	5.673	2.1300E+0
174.10	5.676	2.1300E+0
174.20	5.680	2.1300E+0
174.30	5.683	2.1300E+0
174.40	5.686	2.1200E+0
174.50	5.689	2.1300E+0
174.60	5.693	2.1300E+0
174.70	5.696	2.1300E+0
174.80	5.699	2.1300E+0
174.90	5.703	2.1300E+0
175.00	5.706	2.1300E+0
175.10	5.709	2.1300E+0
175.20	5.712	2.1200E+0
175.30	5.716	2.1300E+0
175.40	5.719	2.1200E+0
175.50	5.723	2.1400E+0
175.60	5.726	2.1300E+0
175.70	5.729	2.1300E+0
175.80	5.732	2.1300E+0
175.90	5.736	2.1300E+0
176.00	5.739	2.1300E+0
176.10	5.742	2.1200E+0
176.20	5.746	2.1300E+0
176.30	5.749	2.1300E+0
176.40	5.752	2.1200E+0
176.50	5.756	2.1300E+0
176.60	5.759	2.1300E+0
176.70	5.762	2.1300E+0
176.80	5.765	2.1300E+0
176.90	5.769	2.1300E+0
177.00	5.772	2.1300E+0
177.10	5.776	2.1300E+0
177.20	5.779	2.1300E+0
177.30	5.782	2.1300E+0
177.40	5.786	2.1200E+0
177.50	5.789	2.1200E+0
177.60	5.792	2.1300E+0
177.70	5.796	2.1200E+0
177.80	5.799	2.1200E+0
177.90	5.802	2.1300E+0
178.00	5.806	2.1300E+0
178.10	5.809	2.1200E+0
178.20	5.812	2.1200E+0
178.30	5.816	2.1200E+0
178.40	5.819	2.1200E+0
178.50	5.822	2.1200E+0
178.60	5.825	2.1300E+0
178.70	5.829	2.1200E+0
178.80	5.832	2.1200E+0
178.90	5.835	2.1300E+0
179.00	5.839	2.1200E+0
179.10	5.842	2.1200E+0
179.20	5.845	2.1200E+0
179.30	5.848	2.1200E+0
179.40	5.852	2.1200E+0
179.50	5.855	2.1200E+0
179.60	5.858	2.1200E+0
179.70	5.861	2.1200E+0
179.80	5.865	2.1200E+0
179.90	5.868	2.1200E+0
180.00	5.871	2.1200E+0
180.10	5.874	2.1200E+0
180.20	5.877	2.1300E+0
180.30	5.881	2.1300E+0
180.40	5.884	2.1200E+0
180.50	5.887	2.1200E+0
180.60	5.891	2.1200E+0
180.70	5.894	2.1200E+0
180.80	5.897	2.1200E+0
180.90	5.901	2.1200E+0
181.00	5.904	2.1200E+0
181.10	5.907	2.1200E+0
181.20	5.911	2.1200E+0
181.30	5.914	2.1100E+0
181.40	5.917	2.1200E+0
181.50	5.920	2.1100E+0
181.60	5.924	2.1200E+0
181.70	5.927	2.1200E+0
181.80	5.930	2.1100E+0
181.90	5.933	2.1200E+0
182.00	5.937	2.1200E+0
182.10	5.940	2.1100E+0
182.20	5.943	2.1200E+0
182.30	5.947	2.1100E+0
182.40	5.950	2.1200E+0
182.50	5.953	2.1200E+0
182.60	5.957	2.1200E+0
182.70	5.960	2.1200E+0
182.80	5.963	2.1100E+0
182.90	5.967	2.1200E+0
183.00	5.970	2.1200E+0
183.10	5.974	2.1200E+0
183.20	5.977	2.1200E+0
183.30	5.980	2.1200E+0
183.40	5.984	2.1100E+0
183.50	5.987	2.1200E+0
183.60	5.991	2.1100E+0
183.70	5.994	2.1200E+0
183.80	5.997	2.1200E+0
183.90	6.001	2.1200E+0
184.00	6.004	2.1200E+0
184.10	6.007	2.1200E+0
184.20	6.011	2.1200E+0
184.30	6.014	2.1100E+0
184.40	6.017	2.1100E+0
184.50	6.021	2.1200E+0
184.60	6.024	2.1200E+0
184.70	6.027	2.1200E+0
184.80	6.031	2.1100E+0
184.90	6.034	2.1100E+0
185.00	6.037	2.1100E+0
185.10	6.041	2.1100E+0
185.20	6.044	2.1200E+0
185.30	6.047	2.1200E+0
185.40	6.051	2.1100E+0
185.50	6.054	2.1100E+0
185.60	6.057	2.1000E+0
185.70	6.061	2.1100E+0
185.80	6.064	2.1100E+0
185.90	6.068	2.1100E+0
186.00	6.071	2.1200E+0
186.10	6.074	2.1100E+0
186.20	6.077	2.1100E+0
186.30	6.081	2.1100E+0
186.40	6.084	2.1100E+0
186.50	6.088	2.1100E+0
186.60	6.091	2.1200E+0
186.70	6.094	2.1200E+0
186.80	6.098	2.1100E+0
186.90	6.101	2.1000E+0
187.00	6.104	2.1100E+0
187.10	6.108	2.1100E+0
187.20	6.111	2.1000E+0
187.30	6.114	2.1100E+0
187.40	6.117	2.1000E+0
187.50	6.121	2.1100E+0
187.60	6.124	2.1100E+0
187.70	6.128	2.1100E+0
187.80	6.131	2.1100E+0
187.90	6.134	2.1100E+0
188.00	6.138	2.1100E+0
188.10	6.141	2.1100E+0
188.20	6.144	2.1100E+0
188.30	6.148	2.1100E+0
188.40	6.151	2.1100E+0
188.50	6.154	2.1100E+0
188.60	6.158	2.1000E+0
188.70	6.161	2.1100E+0
188.80	6.164	2.1000E+0
188.90	6.168	2.1100E+0
189.00	6.171	2.1100E+0
189.10	6.174	2.1100E+0
189.20	6.178	2.1000E+0
189.30	6.181	2.1100E+0
189.40	6.184	2.1100E+0
189.50	6.188	2.1000E+0
189.60	6.191	2.1000E+0
189.70	6.195	2.1000E+0
189.80	6.198	2.1000E+0
189.90	6.201	2.1000E+0
190.00	6.204	2.1100E+0
190.10	6.208	2.1000E+0
190.20	6.211	2.1000E+0
190.30	6.215	2.1000E+0
190.40	6.218	2.1000E+0
190.50	6.221	2.1000E+0
190.60	6.224	2.1000E+0
190.70	6.228	2.1000E+0
190.80	6.231	2.1000E+0
190.90	6.234	2.1000E+0
191.00	6.238	2.1000E+0
191.10	6.241	2.1000E+0
191.20	6.244	2.1000E+0
191.30	6.248	2.1000E+0
191.40	6.251	2.1000E+0
191.50	6.254	2.1000E+0
191.60	6.257	2.0900E+0
191.70	6.261	2.0900E+0
191.80	6.264	2.1000E+0
191.90	6.268	2.1000E+0
192.00	6.271	2.1000E+0
192.10	6.274	2.0900E+0
192.20	6.277	2.1000E+0
192.30	6.281	2.0900E+0
192.40	6.284	2.0900E+0
192.50	6.288	2.1000E+0
192.60	6.291	2.1000E+0
192.70	6.294	2.1000E+0
192.80	6.297	2.0900E+0
192.90	6.301	2.0900E+0
193.00	6.304	2.0900E+0
193.10	6.307	2.0900E+0
193.20	6.311	2.0900E+0
193.30	6.314	2.0900E+0
193.40	6.317	2.0900E+0
193.50	6.320	2.0900E+0
193.60	6.324	2.0900E+0
193.70	6.327	2.0900E+0
193.80	6.330	2.0900E+0
193.90	6.334	2.0900E+0
194.00	6.337	2.0900E+0
194.10	6.340	2.0900E+0
194.20	6.343	2.1000E+0
194.30	6.347	2.0900E+0
194.40	6.350	2.0800E+0
194.50	6.353	2.0900E+0
194.60	6.356	2.0800E+0
194.70	6.360	2.0800E+0
194.80	6.363	2.0800E+0
194.90	6.366	2.0800E+0
195.00	6.369	2.0800E+0
195.10	6.372	2.0800E+0
195.20	6.376	2.0800E+0
195.30	6.379	2.0900E+0
195.40	6.382	2.0800E+0
195.50	6.385	2.0800E+0
195.60	6.389	2.0900E+0
195.70	6.392	2.0800E+0
195.80	6.395	2.0800E+0
195.90	6.398	2.0800E+0
196.00	6.401	2.0800E+0
196.10	6.405	2.0700E+0
196.20	6.408	2.0800E+0
196.30	6.411	2.0800E+0
196.40	6.414	2.0800E+0
196.50	6.417	2.0800E+0
196.60	6.420	2.0800E+0
196.70	6.424	2.0700E+0
196.80	6.427	2.0700E+0
196.90	6.430	2.0700E+0
197.00	6.433	2.0700E+0
197.10	6.437	2.0700E+0
197.20	6.440	2.0800E+0
197.30	6.443	2.0700E+0
197.40	6.447	2.0800E+0
197.50	6.450	2.0800E+0
197.60	6.453	2.0700E+0
197.70	6.456	2.0800E+0
197.80	6.460	2.0700E+0
197.90	6.463	2.0700E+0
198.00	6.466	2.0700E+0
198.10	6.470	2.0700E+0
198.20	6.473	2.0700E+0
198.30	6.476	2.0700E+0
198.40	6.480	2.0600E+0
198.50	6.483	2.0600E+0
198.60	6.486	2.0600E+0
198.70	6.489	2.0600E+0
198.80	6.493	2.0600E+0
198.90	6.496	2.0600E+0
199.00	6.500	2.0600E+0
199.10	6.503	2.0700E+0
199.20	6.506	2.0600E+0
199.30	6.509	2.0700E+0
199.40	6.513	2.0600E+0
199.50	6.516	2.0600E+0
199.60	6.520	2.0600E+0
199.70	6.523	2.0600E+0
199.80	6.526	2.0700E+0
199.90	6.529	2.0600E+0
200.00	6.533	2.0700E+0
200.10	6.536	2.0600E+0
200.20	6.539	2.0600E+0
200.30	6.543	2.0600E+0
200.40	6.546	2.0600E+0
200.50	6.549	2.0600E+0
200.60	6.553	2.0600E+0
200.70	6.556	2.0600E+0
200.80	6.559	2.0600E+0
200.90	6.563	2.0500E+0
201.00	6.566	2.0600E+0
201.10	6.569	2.0600E+0
201.20	6.573	2.0600E+0
201.30	6.576	2.0600E+0
201.40	6.579	2.0600E+0
201.50	6.583	2.0500E+0
201.60	6.586	2.0600E+0
201.70	6.589	2.0500E+0
201.80	6.593	2.0500E+0
201.90	6.596	2.0500E+0
202.00	6.599	2.0500E+0
202.10	6.603	2.0600E+0
202.20	6.606	2.0600E+0
202.30	6.609	2.0500E+0
202.40	6.612	2.0500E+0
202.50	6.615	2.0600E+0
202.60	6.619	2.0500E+0
202.70	6.622	2.0500E+0
202.80	6.625	2.0500E+0
202.90	6.628	2.0500E+0
203.00	6.632	2.0500E+0
203.10	6.635	2.0400E+0
203.20	6.638	2.0400E+0
203.30	6.641	2.0500E+0
203.40	6.645	2.0500E+0
203.50	6.648	2.0500E+0
203.60	6.651	2.0600E+0
203.70	6.655	2.0500E+0
203.80	6.658	2.0500E+0
203.90	6.661	2.0500E+0
204.00	6.664	2.0500E+0
204.10	6.668	2.0500E+0
204.20	6.671	2.0500E+0
204.30	6.674	2.0500E+0
204.40	6.678	2.0400E+0
204.50	6.681	2.0400E+0
204.60	6.684	2.0500E+0
204.70	6.688	2.0500E+0
204.80	6.691	2.0400E+0
204.90	6.694	2.0400E+0
205.00	6.697	2.0400E+0
205.10	6.701	2.0400E+0
205.20	6.704	2.0500E+0
205.30	6.707	2.0500E+0
205.40	6.711	2.0400E+0
205.50	6.714	2.0400E+0
205.60	6.717	2.0400E+0
205.70	6.720	2.0500E+0
205.80	6.724	2.0500E+0
205.90	6.727	2.0400E+0
206.00	6.730	2.0500E+0
206.10	6.733	2.0500E+0
206.20	6.736	2.0400E+0
206.30	6.740	2.0400E+0
206.40	6.743	2.0500E+0
206.50	6.746	2.0500E+0
206.60	6.749	2.0500E+0
206.70	6.753	2.0400E+0
206.80	6.756	2.0400E+0
206.90	6.759	2.0400E+0
207.00	6.762	2.0300E+0
207.10	6.765	2.0300E+0
207.20	6.769	2.0400E+0
207.30	6.772	2.0400E+0
207.40	6.775	2.0400E+0
207.50	6.779	2.0400E+0
207.60	6.782	2.0400E+0
207.70	6.785	2.0400E+0
207.80	6.788	2.0500E+0
207.90	6.792	2.0500E+0
208.00	6.795	2.0400E+0
208.10	6.798	2.0500E+0
208.20	6.802	2.0400E+0
208.30	6.805	2.0300E+0
208.40	6.808	2.0400E+0
208.50	6.812	2.0400E+0
208.60	6.815	2.0400E+0
208.70	6.816	2.0400E+0
