Файл	C:\Documents and Settings\Center\Рабочий стол\Изгиб_08.11.22\Иост_1.rez
Вид испытания	сжатие	1
Дата	8 Ноябрь 2022 г.	12:49:49
Скорость [мм/мин]	 1.0
Форма	Круглый	0
Начальные размеры: [мм]
Диаметр	Толщина	Ширина	Длина	База
10.00			50.00	40.00
Размеры после испытания: [мм]

Количество точек	2415

Время [с]	Перемещение [мм]	Усилие [Н]
0.00	0.000	1.4900E+0
0.10	0.002	1.4900E+0
0.20	0.005	1.5000E+0
0.30	0.008	1.4900E+0
0.40	0.011	1.4900E+0
0.50	0.015	1.4800E+0
0.60	0.018	1.4900E+0
0.70	0.021	1.5000E+0
0.80	0.025	1.4900E+0
0.90	0.028	1.5000E+0
1.00	0.031	1.4900E+0
1.10	0.035	1.4900E+0
1.20	0.038	1.4900E+0
1.30	0.042	1.4800E+0
1.40	0.045	1.4900E+0
1.50	0.048	1.4900E+0
1.60	0.052	1.4900E+0
1.70	0.055	1.4900E+0
1.80	0.058	1.4900E+0
1.90	0.062	1.4900E+0
2.00	0.065	1.4700E+0
2.10	0.068	1.4900E+0
2.20	0.071	1.4900E+0
2.30	0.075	1.4900E+0
2.40	0.078	1.4900E+0
2.50	0.082	1.4900E+0
2.60	0.085	1.4900E+0
2.70	0.088	1.4900E+0
2.80	0.092	1.4900E+0
2.90	0.095	1.5000E+0
3.00	0.099	1.4900E+0
3.10	0.105	1.4900E+0
3.20	0.109	1.5000E+0
3.30	0.112	1.4900E+0
3.40	0.115	1.4900E+0
3.50	0.119	1.4900E+0
3.60	0.122	1.4900E+0
3.70	0.126	1.4800E+0
3.80	0.129	1.4900E+0
3.90	0.132	1.4900E+0
4.00	0.136	1.4800E+0
4.10	0.139	1.4900E+0
4.20	0.142	1.4900E+0
4.30	0.146	1.4900E+0
4.40	0.149	1.4800E+0
4.50	0.152	1.4900E+0
4.60	0.156	1.4900E+0
4.70	0.159	1.4900E+0
4.80	0.162	1.5000E+0
4.90	0.166	1.5000E+0
5.00	0.169	1.4900E+0
5.10	0.172	1.4900E+0
5.20	0.176	1.4900E+0
5.30	0.179	1.4800E+0
5.40	0.182	1.4700E+0
5.50	0.185	1.4900E+0
5.60	0.188	1.4900E+0
5.70	0.192	1.4800E+0
5.80	0.195	1.4800E+0
5.90	0.198	1.5000E+0
6.00	0.202	1.5000E+0
6.10	0.205	1.4900E+0
6.20	0.208	1.4800E+0
6.30	0.211	1.4800E+0
6.40	0.215	1.4900E+0
6.50	0.218	1.4800E+0
6.60	0.221	1.4900E+0
6.70	0.224	1.4900E+0
6.80	0.228	1.4800E+0
6.90	0.231	1.4900E+0
7.00	0.235	1.4900E+0
7.10	0.238	1.4900E+0
7.20	0.241	1.4900E+0
7.30	0.244	1.4800E+0
7.40	0.248	1.4900E+0
7.50	0.251	1.4900E+0
7.60	0.254	1.4900E+0
7.70	0.257	1.4900E+0
7.80	0.264	1.4900E+0
7.90	0.267	1.4700E+0
8.00	0.271	1.4800E+0
8.10	0.274	1.4900E+0
8.20	0.277	1.4900E+0
8.30	0.280	1.5000E+0
8.40	0.284	1.4900E+0
8.50	0.287	1.5000E+0
8.60	0.290	1.4900E+0
8.70	0.293	1.4900E+0
8.80	0.297	1.5000E+0
8.90	0.300	1.4900E+0
9.00	0.303	1.4900E+0
9.10	0.307	1.4800E+0
9.20	0.310	1.4900E+0
9.30	0.313	1.4800E+0
9.40	0.316	1.4900E+0
9.50	0.320	1.4800E+0
9.60	0.323	1.4900E+0
9.70	0.326	1.4900E+0
9.80	0.329	1.4900E+0
9.90	0.332	1.4900E+0
10.00	0.336	1.4900E+0
10.10	0.339	1.4900E+0
10.20	0.342	1.5000E+0
10.30	0.346	1.4800E+0
10.40	0.348	1.4800E+0
10.50	0.352	1.4900E+0
10.60	0.355	1.4900E+0
10.70	0.358	1.4900E+0
10.80	0.362	1.4800E+0
10.90	0.364	1.4800E+0
11.00	0.368	1.4900E+0
11.10	0.371	1.4900E+0
11.20	0.374	1.4800E+0
11.30	0.378	1.4900E+0
11.40	0.381	1.4900E+0
11.50	0.384	1.4800E+0
11.60	0.387	1.4900E+0
11.70	0.390	1.4900E+0
11.80	0.394	1.4900E+0
11.90	0.397	1.5000E+0
12.00	0.400	1.4900E+0
12.10	0.403	1.4900E+0
12.20	0.407	1.4800E+0
12.30	0.410	1.4900E+0
12.40	0.413	1.4900E+0
12.50	0.416	1.4900E+0
12.60	0.419	1.4900E+0
12.70	0.423	1.4900E+0
12.80	0.426	1.4800E+0
12.90	0.429	1.4900E+0
13.00	0.432	1.4900E+0
13.10	0.436	1.4800E+0
13.20	0.439	1.4900E+0
13.30	0.442	1.4900E+0
13.40	0.446	1.4900E+0
13.50	0.448	1.4900E+0
13.60	0.452	1.4900E+0
13.70	0.455	1.4800E+0
13.80	0.458	1.5000E+0
13.90	0.462	1.4800E+0
14.00	0.465	1.4900E+0
14.10	0.468	1.4800E+0
14.20	0.471	1.4800E+0
14.30	0.475	1.4900E+0
14.40	0.478	1.4900E+0
14.50	0.481	1.4900E+0
14.60	0.484	1.4900E+0
14.70	0.488	1.4900E+0
14.80	0.491	1.4900E+0
14.90	0.494	1.4800E+0
15.00	0.498	1.4900E+0
15.10	0.501	1.5000E+0
15.20	0.504	1.4900E+0
15.30	0.507	1.4800E+0
15.40	0.511	1.4900E+0
15.50	0.514	1.4900E+0
15.60	0.517	1.4900E+0
15.70	0.520	1.4900E+0
15.80	0.524	1.4900E+0
15.90	0.527	1.4900E+0
16.00	0.530	1.4900E+0
16.10	0.534	1.4900E+0
16.20	0.537	1.5000E+0
16.30	0.540	1.5000E+0
16.40	0.543	1.4900E+0
16.50	0.547	1.4800E+0
16.60	0.550	1.4900E+0
16.70	0.553	1.4900E+0
16.80	0.556	1.4800E+0
16.90	0.559	1.4800E+0
17.00	0.563	1.4900E+0
17.10	0.566	1.4900E+0
17.20	0.569	1.4900E+0
17.30	0.572	1.4800E+0
17.40	0.575	1.4900E+0
17.50	0.579	1.4900E+0
17.60	0.582	1.4900E+0
17.70	0.585	1.5000E+0
17.80	0.589	1.4900E+0
17.90	0.592	1.4900E+0
18.00	0.595	1.4900E+0
18.10	0.598	1.4800E+0
18.20	0.602	1.4900E+0
18.30	0.605	1.4900E+0
18.40	0.608	1.4900E+0
18.50	0.611	1.4900E+0
18.60	0.615	1.4900E+0
18.70	0.618	1.4900E+0
18.80	0.621	1.4800E+0
18.90	0.624	1.4800E+0
19.00	0.628	1.5000E+0
19.10	0.631	1.4800E+0
19.20	0.634	1.4900E+0
19.30	0.637	1.4900E+0
19.40	0.641	1.4900E+0
19.50	0.644	1.4900E+0
19.60	0.647	1.4900E+0
19.70	0.651	1.4800E+0
19.80	0.654	1.4900E+0
19.90	0.657	1.4900E+0
20.00	0.660	1.4900E+0
20.10	0.664	1.4800E+0
20.20	0.667	1.4800E+0
20.30	0.670	1.4900E+0
20.40	0.674	1.4900E+0
20.50	0.677	1.4900E+0
20.60	0.680	1.4800E+0
20.70	0.683	1.4900E+0
20.80	0.687	1.4900E+0
20.90	0.690	1.4900E+0
21.00	0.693	1.4900E+0
21.10	0.696	1.4800E+0
21.20	0.699	1.4900E+0
21.30	0.703	1.4900E+0
21.40	0.706	1.4800E+0
21.50	0.709	1.4900E+0
21.60	0.712	1.4900E+0
21.70	0.716	1.4800E+0
21.80	0.719	1.4900E+0
21.90	0.723	1.4900E+0
22.00	0.726	1.4900E+0
22.10	0.729	1.4900E+0
22.20	0.732	1.4800E+0
22.30	0.736	1.5000E+0
22.40	0.739	1.4900E+0
22.50	0.742	1.4900E+0
22.60	0.746	1.4900E+0
22.70	0.749	1.5000E+0
22.80	0.752	1.4900E+0
22.90	0.756	1.4800E+0
23.00	0.759	1.4900E+0
23.10	0.762	1.4900E+0
23.20	0.766	1.4900E+0
23.30	0.769	1.4900E+0
23.40	0.772	1.4900E+0
23.50	0.776	1.4900E+0
23.60	0.779	1.4900E+0
23.70	0.783	1.4900E+0
23.80	0.786	1.4900E+0
23.90	0.789	1.5000E+0
24.00	0.793	1.4900E+0
24.10	0.796	1.4900E+0
24.20	0.800	1.4800E+0
24.30	0.803	1.4900E+0
24.40	0.806	1.4900E+0
24.50	0.810	1.4800E+0
24.60	0.813	1.4800E+0
24.70	0.816	1.4800E+0
24.80	0.820	1.4800E+0
24.90	0.823	1.5000E+0
25.00	0.827	1.4900E+0
25.10	0.830	1.4900E+0
25.20	0.834	1.4900E+0
25.30	0.837	1.4900E+0
25.40	0.840	1.4900E+0
25.50	0.843	1.4800E+0
25.60	0.847	1.5000E+0
25.70	0.850	1.4900E+0
25.80	0.854	1.4900E+0
25.90	0.857	1.4900E+0
26.00	0.860	1.4900E+0
26.10	0.864	1.4900E+0
26.20	0.867	1.4900E+0
26.30	0.871	1.4900E+0
26.40	0.874	1.4900E+0
26.50	0.878	1.4800E+0
26.60	0.881	1.4800E+0
26.70	0.884	1.4900E+0
26.80	0.888	1.4900E+0
26.90	0.891	1.4800E+0
27.00	0.895	1.4900E+0
27.10	0.898	1.4900E+0
27.20	0.901	1.4900E+0
27.30	0.904	1.5000E+0
27.40	0.908	1.4900E+0
27.50	0.911	1.4900E+0
27.60	0.914	1.4900E+0
27.70	0.918	1.5000E+0
27.80	0.921	1.4800E+0
27.90	0.924	1.4900E+0
28.00	0.928	1.4900E+0
28.10	0.931	1.5000E+0
28.20	0.934	1.4800E+0
28.30	0.938	1.4900E+0
28.40	0.941	1.4900E+0
28.50	0.944	1.4900E+0
28.60	0.948	1.5000E+0
28.70	0.951	1.4900E+0
28.80	0.954	1.4900E+0
28.90	0.958	1.5000E+0
29.00	0.961	1.4900E+0
29.10	0.964	1.4900E+0
29.20	0.968	1.4800E+0
29.30	0.971	1.4900E+0
29.40	0.974	1.4900E+0
29.50	0.978	1.5000E+0
29.60	0.981	1.5000E+0
29.70	0.984	1.4900E+0
29.80	0.987	1.4800E+0
29.90	0.991	1.4800E+0
30.00	0.994	1.5000E+0
30.10	0.997	1.5000E+0
30.20	1.000	1.4900E+0
30.30	1.004	1.4900E+0
30.40	1.007	1.4900E+0
30.50	1.010	1.4900E+0
30.60	1.014	1.4900E+0
30.70	1.017	1.4900E+0
30.80	1.020	1.4900E+0
30.90	1.024	1.5100E+0
31.00	1.027	1.4900E+0
31.10	1.030	1.5000E+0
31.20	1.033	1.4900E+0
31.30	1.037	1.4900E+0
31.40	1.040	1.5000E+0
31.50	1.043	1.4900E+0
31.60	1.047	1.5000E+0
31.70	1.050	1.5000E+0
31.80	1.053	1.5000E+0
31.90	1.056	1.5000E+0
32.00	1.060	1.5000E+0
32.10	1.063	1.5000E+0
32.20	1.066	1.5000E+0
32.30	1.070	1.5000E+0
32.40	1.073	1.4900E+0
32.50	1.076	1.4900E+0
32.60	1.079	1.5000E+0
32.70	1.083	1.4900E+0
32.80	1.086	1.5000E+0
32.90	1.089	1.5000E+0
33.00	1.092	1.4900E+0
33.10	1.096	1.5000E+0
33.20	1.099	1.5000E+0
33.30	1.102	1.5100E+0
33.40	1.105	1.5000E+0
33.50	1.108	1.5000E+0
33.60	1.112	1.5000E+0
33.70	1.115	1.4900E+0
33.80	1.118	1.5000E+0
33.90	1.121	1.5000E+0
34.00	1.124	1.5000E+0
34.10	1.128	1.5000E+0
34.20	1.131	1.5000E+0
34.30	1.134	1.5000E+0
34.40	1.138	1.5000E+0
34.50	1.141	1.4900E+0
34.60	1.144	1.4900E+0
34.70	1.147	1.5000E+0
34.80	1.150	1.5000E+0
34.90	1.154	1.5000E+0
35.00	1.157	1.5000E+0
35.10	1.160	1.5100E+0
35.20	1.163	1.5100E+0
35.30	1.166	1.5100E+0
35.40	1.170	1.5000E+0
35.50	1.173	1.5000E+0
35.60	1.176	1.5000E+0
35.70	1.179	1.5000E+0
35.80	1.183	1.5000E+0
35.90	1.186	1.5000E+0
36.00	1.189	1.5100E+0
36.10	1.192	1.5000E+0
36.20	1.195	1.5000E+0
36.30	1.199	1.5000E+0
36.40	1.202	1.4900E+0
36.50	1.205	1.5000E+0
36.60	1.208	1.5100E+0
36.70	1.212	1.5000E+0
36.80	1.215	1.5100E+0
36.90	1.218	1.5100E+0
37.00	1.221	1.5100E+0
37.10	1.224	1.5000E+0
37.20	1.228	1.5000E+0
37.30	1.231	1.5100E+0
37.40	1.234	1.5000E+0
37.50	1.237	1.5000E+0
37.60	1.241	1.5100E+0
37.70	1.244	1.5100E+0
37.80	1.247	1.5000E+0
37.90	1.250	1.5200E+0
38.00	1.254	1.5100E+0
38.10	1.257	1.5000E+0
38.20	1.260	1.5100E+0
38.30	1.263	1.5000E+0
38.40	1.266	1.5100E+0
38.50	1.269	1.5100E+0
38.60	1.272	1.5100E+0
38.70	1.276	1.5000E+0
38.80	1.279	1.5100E+0
38.90	1.282	1.5200E+0
39.00	1.286	1.5100E+0
39.10	1.289	1.5100E+0
39.20	1.292	1.5100E+0
39.30	1.295	1.5200E+0
39.40	1.298	1.5100E+0
39.50	1.302	1.5200E+0
39.60	1.305	1.5000E+0
39.70	1.308	1.5200E+0
39.80	1.311	1.5100E+0
39.90	1.315	1.5100E+0
40.00	1.318	1.5100E+0
40.10	1.321	1.5000E+0
40.20	1.324	1.5100E+0
40.30	1.327	1.5200E+0
40.40	1.331	1.5100E+0
40.50	1.334	1.5100E+0
40.60	1.337	1.5100E+0
40.70	1.340	1.5100E+0
40.80	1.344	1.5100E+0
40.90	1.347	1.5100E+0
41.00	1.350	1.5200E+0
41.10	1.353	1.5300E+0
41.20	1.357	1.5200E+0
41.30	1.360	1.5100E+0
41.40	1.363	1.5200E+0
41.50	1.367	1.5200E+0
41.60	1.370	1.5200E+0
41.70	1.373	1.5200E+0
41.80	1.376	1.5200E+0
41.90	1.380	1.5200E+0
42.00	1.383	1.5200E+0
42.10	1.386	1.5200E+0
42.20	1.390	1.5200E+0
42.30	1.393	1.5100E+0
42.40	1.396	1.5200E+0
42.50	1.399	1.5200E+0
42.60	1.403	1.5200E+0
42.70	1.406	1.5200E+0
42.80	1.409	1.5200E+0
42.90	1.412	1.5200E+0
43.00	1.416	1.5300E+0
43.10	1.419	1.5100E+0
43.20	1.422	1.5300E+0
43.30	1.426	1.5200E+0
43.40	1.429	1.5300E+0
43.50	1.432	1.5300E+0
43.60	1.435	1.5300E+0
43.70	1.439	1.5100E+0
43.80	1.442	1.5300E+0
43.90	1.445	1.5300E+0
44.00	1.448	1.5300E+0
44.10	1.452	1.5300E+0
44.20	1.455	1.5200E+0
44.30	1.458	1.5200E+0
44.40	1.461	1.5300E+0
44.50	1.464	1.5300E+0
44.60	1.468	1.5200E+0
44.70	1.471	1.5300E+0
44.80	1.474	1.5300E+0
44.90	1.477	1.5400E+0
45.00	1.481	1.5300E+0
45.10	1.484	1.5300E+0
45.20	1.487	1.5300E+0
45.30	1.490	1.5300E+0
45.40	1.494	1.5400E+0
45.50	1.497	1.5300E+0
45.60	1.500	1.5300E+0
45.70	1.504	1.5300E+0
45.80	1.507	1.5400E+0
45.90	1.510	1.5400E+0
46.00	1.513	1.5400E+0
46.10	1.517	1.5400E+0
46.20	1.520	1.5300E+0
46.30	1.523	1.5300E+0
46.40	1.527	1.5400E+0
46.50	1.530	1.5300E+0
46.60	1.533	1.5400E+0
46.70	1.536	1.5500E+0
46.80	1.540	1.5500E+0
46.90	1.543	1.5400E+0
47.00	1.547	1.5400E+0
47.10	1.550	1.5300E+0
47.20	1.553	1.5400E+0
47.30	1.557	1.5500E+0
47.40	1.560	1.5400E+0
47.50	1.563	1.5300E+0
47.60	1.567	1.5400E+0
47.70	1.570	1.5300E+0
47.80	1.574	1.5400E+0
47.90	1.577	1.5500E+0
48.00	1.580	1.5500E+0
48.10	1.584	1.5500E+0
48.20	1.587	1.5400E+0
48.30	1.591	1.5400E+0
48.40	1.594	1.5400E+0
48.50	1.597	1.5400E+0
48.60	1.600	1.5400E+0
48.70	1.604	1.5400E+0
48.80	1.607	1.5400E+0
48.90	1.611	1.5500E+0
49.00	1.614	1.5500E+0
49.10	1.617	1.5400E+0
49.20	1.621	1.5500E+0
49.30	1.624	1.5500E+0
49.40	1.627	1.5500E+0
49.50	1.631	1.5500E+0
49.60	1.634	1.5500E+0
49.70	1.638	1.5500E+0
49.80	1.641	1.5500E+0
49.90	1.644	1.5500E+0
50.00	1.647	1.5500E+0
50.10	1.651	1.5500E+0
50.20	1.654	1.5600E+0
50.30	1.657	1.5500E+0
50.40	1.661	1.5500E+0
50.50	1.664	1.5500E+0
50.60	1.667	1.5500E+0
50.70	1.671	1.5500E+0
50.80	1.674	1.5500E+0
50.90	1.678	1.5600E+0
51.00	1.681	1.5500E+0
51.10	1.684	1.5600E+0
51.20	1.688	1.5500E+0
51.30	1.691	1.5500E+0
51.40	1.694	1.5500E+0
51.50	1.698	1.5500E+0
51.60	1.701	1.5500E+0
51.70	1.704	1.5600E+0
51.80	1.708	1.5600E+0
51.90	1.711	1.5600E+0
52.00	1.714	1.5600E+0
52.10	1.718	1.5600E+0
52.20	1.721	1.5600E+0
52.30	1.724	1.5700E+0
52.40	1.728	1.5600E+0
52.50	1.731	1.5600E+0
52.60	1.735	1.5700E+0
52.70	1.738	1.5600E+0
52.80	1.741	1.5700E+0
52.90	1.744	1.5700E+0
53.00	1.748	1.5600E+0
53.10	1.751	1.5700E+0
53.20	1.755	1.5600E+0
53.30	1.758	1.5700E+0
53.40	1.761	1.5600E+0
53.50	1.764	1.5600E+0
53.60	1.768	1.5600E+0
53.70	1.771	1.5700E+0
53.80	1.775	1.5600E+0
53.90	1.778	1.5700E+0
54.00	1.781	1.5600E+0
54.10	1.784	1.5700E+0
54.20	1.788	1.5700E+0
54.30	1.791	1.5700E+0
54.40	1.794	1.5800E+0
54.50	1.798	1.5700E+0
54.60	1.801	1.5700E+0
54.70	1.804	1.5700E+0
54.80	1.807	1.5700E+0
54.90	1.811	1.5800E+0
55.00	1.814	1.5700E+0
55.10	1.817	1.5800E+0
55.20	1.820	1.5800E+0
55.30	1.824	1.5700E+0
55.40	1.827	1.5700E+0
55.50	1.830	1.5800E+0
55.60	1.834	1.5700E+0
55.70	1.837	1.5700E+0
55.80	1.840	1.5800E+0
55.90	1.843	1.5800E+0
56.00	1.847	1.5700E+0
56.10	1.850	1.5700E+0
56.20	1.853	1.5800E+0
56.30	1.856	1.5800E+0
56.40	1.860	1.5700E+0
56.50	1.863	1.5700E+0
56.60	1.866	1.5800E+0
56.70	1.870	1.5800E+0
56.80	1.873	1.5800E+0
56.90	1.876	1.5800E+0
57.00	1.879	1.5700E+0
57.10	1.883	1.5700E+0
57.20	1.886	1.5800E+0
57.30	1.889	1.5800E+0
57.40	1.892	1.5800E+0
57.50	1.896	1.5800E+0
57.60	1.899	1.5700E+0
57.70	1.902	1.5700E+0
57.80	1.905	1.5800E+0
57.90	1.909	1.5800E+0
58.00	1.912	1.5800E+0
58.10	1.915	1.5700E+0
58.20	1.918	1.5800E+0
58.30	1.922	1.5700E+0
58.40	1.925	1.5800E+0
58.50	1.928	1.5800E+0
58.60	1.931	1.5800E+0
58.70	1.935	1.5800E+0
58.80	1.938	1.5900E+0
58.90	1.941	1.5800E+0
59.00	1.945	1.5800E+0
59.10	1.948	1.5800E+0
59.20	1.951	1.5800E+0
59.30	1.954	1.5700E+0
59.40	1.958	1.5800E+0
59.50	1.961	1.5800E+0
59.60	1.964	1.5700E+0
59.70	1.967	1.5800E+0
59.80	1.970	1.5800E+0
59.90	1.974	1.5800E+0
60.00	1.977	1.5700E+0
60.10	1.980	1.5700E+0
60.20	1.983	1.5800E+0
60.30	1.987	1.5800E+0
60.40	1.990	1.5700E+0
60.50	1.993	1.5800E+0
60.60	1.996	1.5700E+0
60.70	1.999	1.5800E+0
60.80	2.003	1.5800E+0
60.90	2.006	1.5800E+0
61.00	2.009	1.5800E+0
61.10	2.012	1.5800E+0
61.20	2.015	1.5800E+0
61.30	2.019	1.5800E+0
61.40	2.022	1.5800E+0
61.50	2.025	1.5800E+0
61.60	2.028	1.5800E+0
61.70	2.031	1.5800E+0
61.80	2.035	1.5800E+0
61.90	2.038	1.5700E+0
62.00	2.041	1.5700E+0
62.10	2.044	1.5700E+0
62.20	2.047	1.5700E+0
62.30	2.051	1.5700E+0
62.40	2.054	1.5800E+0
62.50	2.057	1.5800E+0
62.60	2.060	1.5800E+0
62.70	2.063	1.5800E+0
62.80	2.067	1.5800E+0
62.90	2.070	1.5700E+0
63.00	2.073	1.5900E+0
63.10	2.076	1.5800E+0
63.20	2.080	1.5800E+0
63.30	2.083	1.5800E+0
63.40	2.086	1.5900E+0
63.50	2.090	1.5900E+0
63.60	2.093	1.5800E+0
63.70	2.096	1.5800E+0
63.80	2.099	1.5700E+0
63.90	2.103	1.5800E+0
64.00	2.106	1.5700E+0
64.10	2.109	1.5800E+0
64.20	2.112	1.5900E+0
64.30	2.116	1.5900E+0
64.40	2.119	1.5800E+0
64.50	2.122	1.5900E+0
64.60	2.126	1.5800E+0
64.70	2.129	1.5800E+0
64.80	2.132	1.5900E+0
64.90	2.135	1.5700E+0
65.00	2.139	1.5800E+0
65.10	2.142	1.5800E+0
65.20	2.145	1.5800E+0
65.30	2.148	1.5800E+0
65.40	2.152	1.5700E+0
65.50	2.155	1.5800E+0
65.60	2.158	1.5900E+0
65.70	2.161	1.5800E+0
65.80	2.165	1.5700E+0
65.90	2.168	1.5800E+0
66.00	2.171	1.5800E+0
66.10	2.174	1.5900E+0
66.20	2.178	1.5900E+0
66.30	2.181	1.5800E+0
66.40	2.184	1.5800E+0
66.50	2.187	1.5800E+0
66.60	2.190	1.5700E+0
66.70	2.194	1.5800E+0
66.80	2.197	1.5800E+0
66.90	2.200	1.5900E+0
67.00	2.203	1.5800E+0
67.10	2.207	1.5800E+0
67.20	2.210	1.5900E+0
67.30	2.213	1.5800E+0
67.40	2.216	1.5800E+0
67.50	2.220	1.5800E+0
67.60	2.223	1.5900E+0
67.70	2.226	1.5900E+0
67.80	2.230	1.5800E+0
67.90	2.233	1.5800E+0
68.00	2.236	1.5700E+0
68.10	2.240	1.5800E+0
68.20	2.243	1.5800E+0
68.30	2.246	1.5800E+0
68.40	2.250	1.5900E+0
68.50	2.253	1.5800E+0
68.60	2.256	1.5800E+0
68.70	2.259	1.5900E+0
68.80	2.263	1.5800E+0
68.90	2.266	1.5800E+0
69.00	2.270	1.5900E+0
69.10	2.273	1.5900E+0
69.20	2.276	1.5800E+0
69.30	2.279	1.5800E+0
69.40	2.283	1.5800E+0
69.50	2.286	1.5800E+0
69.60	2.289	1.5800E+0
69.70	2.293	1.5800E+0
69.80	2.296	1.5800E+0
69.90	2.299	1.5800E+0
70.00	2.303	1.5800E+0
70.10	2.306	1.5800E+0
70.20	2.309	1.5800E+0
70.30	2.313	1.5800E+0
70.40	2.316	1.5800E+0
70.50	2.319	1.5800E+0
70.60	2.323	1.5800E+0
70.70	2.326	1.5800E+0
70.80	2.329	1.5900E+0
70.90	2.332	1.5800E+0
71.00	2.336	1.5800E+0
71.10	2.339	1.5800E+0
71.20	2.342	1.5900E+0
71.30	2.345	1.5800E+0
71.40	2.348	1.5800E+0
71.50	2.352	1.5900E+0
71.60	2.355	1.6000E+0
71.70	2.358	1.5800E+0
71.80	2.362	1.5800E+0
71.90	2.365	1.5800E+0
72.00	2.368	1.5800E+0
72.10	2.371	1.5800E+0
72.20	2.375	1.5900E+0
72.30	2.378	1.5900E+0
72.40	2.381	1.5900E+0
72.50	2.384	1.5800E+0
72.60	2.387	1.5900E+0
72.70	2.391	1.5900E+0
72.80	2.394	1.5900E+0
72.90	2.397	1.6000E+0
73.00	2.400	1.6000E+0
73.10	2.404	1.5900E+0
73.20	2.407	1.5900E+0
73.30	2.410	1.5900E+0
73.40	2.414	1.5900E+0
73.50	2.417	1.5900E+0
73.60	2.420	1.5900E+0
73.70	2.424	1.5900E+0
73.80	2.427	1.5900E+0
73.90	2.430	1.5900E+0
74.00	2.434	1.6000E+0
74.10	2.437	1.5900E+0
74.20	2.440	1.5800E+0
74.30	2.443	1.5900E+0
74.40	2.447	1.5900E+0
74.50	2.450	1.6000E+0
74.60	2.453	1.5900E+0
74.70	2.457	1.5900E+0
74.80	2.460	1.5800E+0
74.90	2.463	1.5900E+0
75.00	2.467	1.6000E+0
75.10	2.470	1.5900E+0
75.20	2.473	1.6000E+0
75.30	2.476	1.5900E+0
75.40	2.480	1.6000E+0
75.50	2.483	1.6100E+0
75.60	2.486	1.5900E+0
75.70	2.490	1.5900E+0
75.80	2.493	1.5900E+0
75.90	2.496	1.6000E+0
76.00	2.500	1.6000E+0
76.10	2.503	1.6000E+0
76.20	2.506	1.5900E+0
76.30	2.510	1.6000E+0
76.40	2.513	1.6000E+0
76.50	2.516	1.6100E+0
76.60	2.520	1.6000E+0
76.70	2.523	1.6000E+0
76.80	2.526	1.6000E+0
76.90	2.529	1.6000E+0
77.00	2.532	1.6100E+0
77.10	2.536	1.6100E+0
77.20	2.539	1.6000E+0
77.30	2.542	1.6100E+0
77.40	2.545	1.6100E+0
77.50	2.549	1.6100E+0
77.60	2.552	1.6100E+0
77.70	2.555	1.6100E+0
77.80	2.558	1.6200E+0
77.90	2.562	1.6100E+0
78.00	2.565	1.6100E+0
78.10	2.568	1.6100E+0
78.20	2.571	1.6000E+0
78.30	2.574	1.6000E+0
78.40	2.578	1.6000E+0
78.50	2.581	1.6100E+0
78.60	2.584	1.6000E+0
78.70	2.587	1.6000E+0
78.80	2.591	1.6200E+0
78.90	2.594	1.6100E+0
79.00	2.597	1.6100E+0
79.10	2.600	1.6100E+0
79.20	2.604	1.6100E+0
79.30	2.607	1.6100E+0
79.40	2.610	1.6200E+0
79.50	2.613	1.6100E+0
79.60	2.616	1.6200E+0
79.70	2.620	1.6100E+0
79.80	2.623	1.6100E+0
79.90	2.626	1.6100E+0
80.00	2.630	1.6100E+0
80.10	2.633	1.6200E+0
80.20	2.636	1.6100E+0
80.30	2.639	1.6100E+0
80.40	2.643	1.6100E+0
80.50	2.646	1.6100E+0
80.60	2.649	1.6200E+0
80.70	2.652	1.6100E+0
80.80	2.655	1.6200E+0
80.90	2.659	1.6200E+0
81.00	2.662	1.6200E+0
81.10	2.665	1.6100E+0
81.20	2.668	1.6200E+0
81.30	2.671	1.6200E+0
81.40	2.675	1.6300E+0
81.50	2.678	1.6200E+0
81.60	2.681	1.6200E+0
81.70	2.684	1.6300E+0
81.80	2.688	1.6200E+0
81.90	2.691	1.6200E+0
82.00	2.694	1.6200E+0
82.10	2.697	1.6300E+0
82.20	2.700	1.6400E+0
82.30	2.704	1.6300E+0
82.40	2.707	1.6300E+0
82.50	2.710	1.6300E+0
82.60	2.716	1.6400E+0
82.70	2.719	1.6300E+0
82.80	2.723	1.6300E+0
82.90	2.726	1.6400E+0
83.00	2.729	1.6300E+0
83.10	2.732	1.6300E+0
83.20	2.735	1.6400E+0
83.30	2.739	1.6400E+0
83.40	2.742	1.6400E+0
83.50	2.745	1.6300E+0
83.60	2.748	1.6300E+0
83.70	2.751	1.6400E+0
83.80	2.754	1.6300E+0
83.90	2.757	1.6400E+0
84.00	2.760	1.6300E+0
84.10	2.764	1.6400E+0
84.20	2.767	1.6400E+0
84.30	2.770	1.6300E+0
84.40	2.773	1.6300E+0
84.50	2.776	1.6400E+0
84.60	2.780	1.6400E+0
84.70	2.783	1.6400E+0
84.80	2.786	1.6400E+0
84.90	2.789	1.6500E+0
85.00	2.792	1.6500E+0
85.10	2.796	1.6500E+0
85.20	2.799	1.6400E+0
85.30	2.802	1.6400E+0
85.40	2.806	1.6400E+0
85.50	2.809	1.6400E+0
85.60	2.812	1.6500E+0
85.70	2.815	1.6500E+0
85.80	2.818	1.6500E+0
85.90	2.822	1.6500E+0
86.00	2.825	1.6500E+0
86.10	2.828	1.6500E+0
86.20	2.831	1.6500E+0
86.30	2.835	1.6500E+0
86.40	2.841	1.6500E+0
86.50	2.844	1.6500E+0
86.60	2.848	1.6500E+0
86.70	2.851	1.6500E+0
86.80	2.854	1.6500E+0
86.90	2.857	1.6600E+0
87.00	2.860	1.6500E+0
87.10	2.864	1.6600E+0
87.20	2.867	1.6500E+0
87.30	2.870	1.6600E+0
87.40	2.874	1.6500E+0
87.50	2.877	1.6600E+0
87.60	2.880	1.6600E+0
87.70	2.883	1.6600E+0
87.80	2.886	1.6600E+0
87.90	2.890	1.6600E+0
88.00	2.893	1.6600E+0
88.10	2.896	1.6600E+0
88.20	2.899	1.6600E+0
88.30	2.902	1.6600E+0
88.40	2.906	1.6600E+0
88.50	2.909	1.6700E+0
88.60	2.912	1.6600E+0
88.70	2.915	1.6600E+0
88.80	2.918	1.6600E+0
88.90	2.921	1.6700E+0
89.00	2.924	1.6700E+0
89.10	2.928	1.6700E+0
89.20	2.931	1.6700E+0
89.30	2.934	1.6700E+0
89.40	2.937	1.6700E+0
89.50	2.941	1.6700E+0
89.60	2.944	1.6600E+0
89.70	2.947	1.6700E+0
89.80	2.950	1.6700E+0
89.90	2.954	1.6600E+0
90.00	2.957	1.6800E+0
90.10	2.960	1.6600E+0
90.20	2.963	1.6700E+0
90.30	2.967	1.6700E+0
90.40	2.970	1.6800E+0
90.50	2.973	1.6700E+0
90.60	2.976	1.6700E+0
90.70	2.979	1.6800E+0
90.80	2.983	1.6800E+0
90.90	2.986	1.6700E+0
91.00	2.989	1.6800E+0
91.10	2.993	1.6700E+0
91.20	2.996	1.6800E+0
91.30	2.999	1.6800E+0
91.40	3.003	1.6800E+0
91.50	3.006	1.6600E+0
91.60	3.009	1.6800E+0
91.70	3.012	1.6800E+0
91.80	3.016	1.6800E+0
91.90	3.019	1.6800E+0
92.00	3.022	1.6800E+0
92.10	3.025	1.6800E+0
92.20	3.029	1.6800E+0
92.30	3.032	1.6800E+0
92.40	3.035	1.6800E+0
92.50	3.038	1.6700E+0
92.60	3.042	1.6800E+0
92.70	3.045	1.6800E+0
92.80	3.048	1.6700E+0
92.90	3.051	1.6800E+0
93.00	3.055	1.6800E+0
93.10	3.058	1.6900E+0
93.20	3.061	1.6800E+0
93.30	3.064	1.6900E+0
93.40	3.068	1.6900E+0
93.50	3.071	1.6900E+0
93.60	3.074	1.6900E+0
93.70	3.077	1.7000E+0
93.80	3.080	1.6900E+0
93.90	3.084	1.6800E+0
94.00	3.087	1.6900E+0
94.10	3.090	1.6900E+0
94.20	3.093	1.6800E+0
94.30	3.096	1.6900E+0
94.40	3.100	1.6900E+0
94.50	3.103	1.6900E+0
94.60	3.106	1.6900E+0
94.70	3.109	1.6900E+0
94.80	3.116	1.6800E+0
94.90	3.119	1.6900E+0
95.00	3.122	1.6900E+0
95.10	3.126	1.6900E+0
95.20	3.129	1.6900E+0
95.30	3.132	1.7000E+0
95.40	3.135	1.6900E+0
95.50	3.139	1.7000E+0
95.60	3.142	1.7000E+0
95.70	3.145	1.7000E+0
95.80	3.148	1.7000E+0
95.90	3.151	1.6900E+0
96.00	3.155	1.6900E+0
96.10	3.158	1.6900E+0
96.20	3.161	1.7000E+0
96.30	3.164	1.7000E+0
96.40	3.168	1.7000E+0
96.50	3.171	1.7000E+0
96.60	3.174	1.7000E+0
96.70	3.178	1.6900E+0
96.80	3.181	1.7000E+0
96.90	3.184	1.7000E+0
97.00	3.188	1.7000E+0
97.10	3.191	1.7000E+0
97.20	3.194	1.7100E+0
97.30	3.198	1.7000E+0
97.40	3.201	1.7000E+0
97.50	3.204	1.7000E+0
97.60	3.208	1.7100E+0
97.70	3.211	1.7100E+0
97.80	3.215	1.7000E+0
97.90	3.218	1.7000E+0
98.00	3.221	1.7100E+0
98.10	3.224	1.7000E+0
98.20	3.228	1.7100E+0
98.30	3.231	1.7100E+0
98.40	3.234	1.7000E+0
98.50	3.238	1.7000E+0
98.60	3.241	1.7100E+0
98.70	3.244	1.7100E+0
98.80	3.248	1.7100E+0
98.90	3.251	1.7100E+0
99.00	3.254	1.7100E+0
99.10	3.258	1.7100E+0
99.20	3.261	1.7100E+0
99.30	3.264	1.7100E+0
99.40	3.268	1.7100E+0
99.50	3.271	1.7100E+0
99.60	3.274	1.7100E+0
99.70	3.278	1.7200E+0
99.80	3.281	1.7200E+0
99.90	3.284	1.7100E+0
100.00	3.287	1.7100E+0
100.10	3.291	1.7200E+0
100.20	3.294	1.7200E+0
100.30	3.297	1.7200E+0
100.40	3.301	1.7200E+0
100.50	3.304	1.7200E+0
100.60	3.307	1.7200E+0
100.70	3.311	1.7200E+0
100.80	3.314	1.7100E+0
100.90	3.317	1.7100E+0
101.00	3.320	1.7200E+0
101.10	3.324	1.7200E+0
101.20	3.327	1.7200E+0
101.30	3.331	1.7200E+0
101.40	3.334	1.7200E+0
101.50	3.337	1.7200E+0
101.60	3.340	1.7200E+0
101.70	3.344	1.7200E+0
101.80	3.347	1.7200E+0
101.90	3.351	1.7200E+0
102.00	3.354	1.7100E+0
102.10	3.357	1.7200E+0
102.20	3.360	1.7200E+0
102.30	3.364	1.7200E+0
102.40	3.367	1.7200E+0
102.50	3.371	1.7200E+0
102.60	3.374	1.7200E+0
102.70	3.377	1.7200E+0
102.80	3.380	1.7200E+0
102.90	3.384	1.7200E+0
103.00	3.387	1.7200E+0
103.10	3.391	1.7200E+0
103.20	3.394	1.7200E+0
103.30	3.397	1.7200E+0
103.40	3.400	1.7100E+0
103.50	3.404	1.7200E+0
103.60	3.407	1.7200E+0
103.70	3.410	1.7200E+0
103.80	3.414	1.7200E+0
103.90	3.417	1.7200E+0
104.00	3.420	1.7200E+0
104.10	3.423	1.7300E+0
104.20	3.427	1.7200E+0
104.30	3.430	1.7300E+0
104.40	3.433	1.7200E+0
104.50	3.436	1.7200E+0
104.60	3.440	1.7200E+0
104.70	3.443	1.7200E+0
104.80	3.446	1.7200E+0
104.90	3.450	1.7300E+0
105.00	3.453	1.7300E+0
105.10	3.456	1.7200E+0
105.20	3.459	1.7200E+0
105.30	3.462	1.7200E+0
105.40	3.466	1.7300E+0
105.50	3.469	1.7300E+0
105.60	3.472	1.7300E+0
105.70	3.475	1.7200E+0
105.80	3.479	1.7200E+0
105.90	3.482	1.7200E+0
106.00	3.485	1.7300E+0
106.10	3.488	1.7300E+0
106.20	3.492	1.7300E+0
106.30	3.495	1.7400E+0
106.40	3.498	1.7300E+0
106.50	3.501	1.7300E+0
106.60	3.504	1.7300E+0
106.70	3.508	1.7300E+0
106.80	3.511	1.7300E+0
106.90	3.514	1.7400E+0
107.00	3.517	1.7300E+0
107.10	3.520	1.7300E+0
107.20	3.524	1.7400E+0
107.30	3.527	1.7300E+0
107.40	3.530	1.7300E+0
107.50	3.533	1.7400E+0
107.60	3.537	1.7300E+0
107.70	3.540	1.7300E+0
107.80	3.543	1.7300E+0
107.90	3.547	1.7300E+0
108.00	3.550	1.7400E+0
108.10	3.553	1.7400E+0
108.20	3.556	1.7400E+0
108.30	3.559	1.7400E+0
108.40	3.563	1.7400E+0
108.50	3.566	1.7500E+0
108.60	3.569	1.7500E+0
108.70	3.573	1.7400E+0
108.80	3.576	1.7400E+0
108.90	3.579	1.7400E+0
109.00	3.582	1.7400E+0
109.10	3.586	1.7300E+0
109.20	3.589	1.7400E+0
109.30	3.592	1.7400E+0
109.40	3.595	1.7400E+0
109.50	3.599	1.7500E+0
109.60	3.602	1.7500E+0
109.70	3.605	1.7500E+0
109.80	3.608	1.7500E+0
109.90	3.612	1.7500E+0
110.00	3.615	1.7400E+0
110.10	3.618	1.7500E+0
110.20	3.621	1.7500E+0
110.30	3.625	1.7400E+0
110.40	3.628	1.7400E+0
110.50	3.631	1.7500E+0
110.60	3.634	1.7400E+0
110.70	3.638	1.7400E+0
110.80	3.641	1.7500E+0
110.90	3.644	1.7500E+0
111.00	3.647	1.7500E+0
111.10	3.651	1.7500E+0
111.20	3.654	1.7500E+0
111.30	3.657	1.7500E+0
111.40	3.660	1.7500E+0
111.50	3.664	1.7500E+0
111.60	3.667	1.7500E+0
111.70	3.670	1.7400E+0
111.80	3.674	1.7500E+0
111.90	3.677	1.7500E+0
112.00	3.680	1.7600E+0
112.10	3.683	1.7500E+0
112.20	3.687	1.7600E+0
112.30	3.690	1.7500E+0
112.40	3.693	1.7500E+0
112.50	3.696	1.7500E+0
112.60	3.700	1.7600E+0
112.70	3.703	1.7600E+0
112.80	3.706	1.7700E+0
112.90	3.710	1.7500E+0
113.00	3.713	1.7600E+0
113.10	3.716	1.7600E+0
113.20	3.720	1.7600E+0
113.30	3.723	1.7600E+0
113.40	3.726	1.7600E+0
113.50	3.730	1.7600E+0
113.60	3.733	1.7500E+0
113.70	3.736	1.7600E+0
113.80	3.739	1.7500E+0
113.90	3.743	1.7600E+0
114.00	3.746	1.7600E+0
114.10	3.749	1.7600E+0
114.20	3.753	1.7600E+0
114.30	3.756	1.7700E+0
114.40	3.759	1.7600E+0
114.50	3.763	1.7600E+0
114.60	3.766	1.7600E+0
114.70	3.769	1.7600E+0
114.80	3.772	1.7600E+0
114.90	3.776	1.7700E+0
115.00	3.779	1.7600E+0
115.10	3.782	1.7600E+0
115.20	3.786	1.7600E+0
115.30	3.789	1.7600E+0
115.40	3.792	1.7700E+0
115.50	3.795	1.7600E+0
115.60	3.799	1.7600E+0
115.70	3.802	1.7700E+0
115.80	3.805	1.7700E+0
115.90	3.808	1.7700E+0
116.00	3.812	1.7700E+0
116.10	3.815	1.7700E+0
116.20	3.818	1.7600E+0
116.30	3.821	1.7700E+0
116.40	3.825	1.7700E+0
116.50	3.828	1.7600E+0
116.60	3.831	1.7700E+0
116.70	3.834	1.7700E+0
116.80	3.838	1.7800E+0
116.90	3.841	1.7800E+0
117.00	3.844	1.7700E+0
117.10	3.847	1.7600E+0
117.20	3.850	1.7700E+0
117.30	3.854	1.7700E+0
117.40	3.857	1.7800E+0
117.50	3.860	1.7700E+0
117.60	3.864	1.7700E+0
117.70	3.867	1.7800E+0
117.80	3.870	1.7800E+0
117.90	3.873	1.7700E+0
118.00	3.876	1.7800E+0
118.10	3.880	1.7700E+0
118.20	3.883	1.7700E+0
118.30	3.886	1.7800E+0
118.40	3.890	1.7800E+0
118.50	3.893	1.7700E+0
118.60	3.896	1.7800E+0
118.70	3.899	1.7800E+0
118.80	3.903	1.7900E+0
118.90	3.906	1.7800E+0
119.00	3.909	1.7700E+0
119.10	3.912	1.7800E+0
119.20	3.916	1.7800E+0
119.30	3.919	1.7700E+0
119.40	3.922	1.7800E+0
119.50	3.926	1.7800E+0
119.60	3.929	1.7800E+0
119.70	3.932	1.7800E+0
119.80	3.936	1.7800E+0
119.90	3.939	1.7800E+0
120.00	3.942	1.7800E+0
120.10	3.946	1.7800E+0
120.20	3.949	1.7800E+0
120.30	3.952	1.7800E+0
120.40	3.956	1.7800E+0
120.50	3.959	1.7800E+0
120.60	3.962	1.7800E+0
120.70	3.966	1.7800E+0
120.80	3.969	1.7800E+0
120.90	3.972	1.7900E+0
121.00	3.976	1.7800E+0
121.10	3.979	1.7900E+0
121.20	3.982	1.7900E+0
121.30	3.986	1.7900E+0
121.40	3.989	1.7900E+0
121.50	3.992	1.7900E+0
121.60	3.995	1.7800E+0
121.70	3.999	1.7800E+0
121.80	4.002	1.7800E+0
121.90	4.005	1.7800E+0
122.00	4.008	1.7800E+0
122.10	4.012	1.7900E+0
122.20	4.015	1.8000E+0
122.30	4.019	1.7900E+0
122.40	4.022	1.7900E+0
122.50	4.025	1.7900E+0
122.60	4.028	1.7900E+0
122.70	4.032	1.7800E+0
122.80	4.035	1.7800E+0
122.90	4.039	1.7900E+0
123.00	4.042	1.7900E+0
123.10	4.045	1.7900E+0
123.20	4.049	1.7900E+0
123.30	4.052	1.7900E+0
123.40	4.055	1.7800E+0
123.50	4.059	1.7900E+0
123.60	4.062	1.7900E+0
123.70	4.065	1.7900E+0
123.80	4.069	1.7900E+0
123.90	4.072	1.8000E+0
124.00	4.075	1.8000E+0
124.10	4.079	1.7900E+0
124.20	4.082	1.7900E+0
124.30	4.085	1.7800E+0
124.40	4.088	1.7900E+0
124.50	4.092	1.7900E+0
124.60	4.095	1.7900E+0
124.70	4.099	1.7900E+0
124.80	4.102	1.7900E+0
124.90	4.105	1.7900E+0
125.00	4.109	1.8000E+0
125.10	4.112	1.8000E+0
125.20	4.115	1.8000E+0
125.30	4.119	1.8000E+0
125.40	4.122	1.7900E+0
125.50	4.126	1.8000E+0
125.60	4.129	1.7900E+0
125.70	4.132	1.8000E+0
125.80	4.135	1.8000E+0
125.90	4.139	1.8000E+0
126.00	4.142	1.8100E+0
126.10	4.145	1.7900E+0
126.20	4.148	1.8000E+0
126.30	4.152	1.7900E+0
126.40	4.155	1.7900E+0
126.50	4.158	1.7900E+0
126.60	4.162	1.7900E+0
126.70	4.165	1.8000E+0
126.80	4.168	1.8000E+0
126.90	4.171	1.8000E+0
127.00	4.175	1.8000E+0
127.10	4.178	1.7900E+0
127.20	4.181	1.7900E+0
127.30	4.185	1.8000E+0
127.40	4.188	1.7900E+0
127.50	4.191	1.7900E+0
127.60	4.195	1.8000E+0
127.70	4.198	1.8000E+0
127.80	4.201	1.8100E+0
127.90	4.204	1.8000E+0
128.00	4.208	1.8000E+0
128.10	4.211	1.8000E+0
128.20	4.214	1.8000E+0
128.30	4.218	1.8000E+0
128.40	4.221	1.8000E+0
128.50	4.224	1.8000E+0
128.60	4.228	1.8000E+0
128.70	4.231	1.8000E+0
128.80	4.234	1.8000E+0
128.90	4.238	1.8000E+0
129.00	4.241	1.8100E+0
129.10	4.244	1.8100E+0
129.20	4.247	1.8000E+0
129.30	4.251	1.8100E+0
129.40	4.254	1.8100E+0
129.50	4.258	1.8100E+0
129.60	4.261	1.8000E+0
129.70	4.264	1.8000E+0
129.80	4.267	1.8100E+0
129.90	4.271	1.8100E+0
130.00	4.274	1.8000E+0
130.10	4.278	1.8000E+0
130.20	4.281	1.8100E+0
130.30	4.284	1.8100E+0
130.40	4.287	1.8100E+0
130.50	4.291	1.8100E+0
130.60	4.294	1.8100E+0
130.70	4.297	1.8100E+0
130.80	4.300	1.8100E+0
130.90	4.303	1.8100E+0
131.00	4.307	1.8100E+0
131.10	4.310	1.8100E+0
131.20	4.313	1.8100E+0
131.30	4.316	1.8100E+0
131.40	4.319	1.8100E+0
131.50	4.323	1.8100E+0
131.60	4.326	1.8100E+0
131.70	4.329	1.8000E+0
131.80	4.332	1.8100E+0
131.90	4.336	1.8100E+0
132.00	4.339	1.8000E+0
132.10	4.342	1.8100E+0
132.20	4.345	1.8000E+0
132.30	4.348	1.8100E+0
132.40	4.352	1.8100E+0
132.50	4.355	1.8200E+0
132.60	4.358	1.8100E+0
132.70	4.361	1.8100E+0
132.80	4.364	1.8000E+0
132.90	4.368	1.8100E+0
133.00	4.371	1.8200E+0
133.10	4.374	1.8100E+0
133.20	4.377	1.8100E+0
133.30	4.380	1.8100E+0
133.40	4.384	1.8100E+0
133.50	4.387	1.8100E+0
133.60	4.390	1.8100E+0
133.70	4.393	1.8200E+0
133.80	4.397	1.8100E+0
133.90	4.400	1.8100E+0
134.00	4.403	1.8200E+0
134.10	4.407	1.8100E+0
134.20	4.410	1.8100E+0
134.30	4.413	1.8200E+0
134.40	4.416	1.8200E+0
134.50	4.420	1.8200E+0
134.60	4.423	1.8100E+0
134.70	4.426	1.8100E+0
134.80	4.429	1.8100E+0
134.90	4.433	1.8100E+0
135.00	4.436	1.8200E+0
135.10	4.439	1.8100E+0
135.20	4.443	1.8100E+0
135.30	4.446	1.8100E+0
135.40	4.449	1.8100E+0
135.50	4.452	1.8200E+0
135.60	4.456	1.8200E+0
135.70	4.459	1.8200E+0
135.80	4.463	1.8100E+0
135.90	4.466	1.8100E+0
136.00	4.469	1.8200E+0
136.10	4.472	1.8200E+0
136.20	4.475	1.8100E+0
136.30	4.479	1.8200E+0
136.40	4.482	1.8200E+0
136.50	4.485	1.8200E+0
136.60	4.489	1.8200E+0
136.70	4.492	1.8100E+0
136.80	4.495	1.8100E+0
136.90	4.499	1.8100E+0
137.00	4.502	1.8200E+0
137.10	4.506	1.8100E+0
137.20	4.509	1.8200E+0
137.30	4.512	1.8200E+0
137.40	4.515	1.8200E+0
137.50	4.519	1.8200E+0
137.60	4.522	1.8200E+0
137.70	4.525	1.8200E+0
137.80	4.528	1.8200E+0
137.90	4.532	1.8200E+0
138.00	4.535	1.8200E+0
138.10	4.538	1.8200E+0
138.20	4.542	1.8100E+0
138.30	4.545	1.8100E+0
138.40	4.548	1.8200E+0
138.50	4.551	1.8100E+0
138.60	4.555	1.8200E+0
138.70	4.558	1.8200E+0
138.80	4.561	1.8200E+0
138.90	4.564	1.8200E+0
139.00	4.568	1.8200E+0
139.10	4.571	1.8200E+0
139.20	4.574	1.8200E+0
139.30	4.578	1.8200E+0
139.40	4.581	1.8300E+0
139.50	4.584	1.8300E+0
139.60	4.588	1.8200E+0
139.70	4.591	1.8200E+0
139.80	4.595	1.8200E+0
139.90	4.598	1.8300E+0
140.00	4.601	1.8200E+0
140.10	4.604	1.8100E+0
140.20	4.608	1.8200E+0
140.30	4.611	1.8200E+0
140.40	4.614	1.8300E+0
140.50	4.618	1.8200E+0
140.60	4.621	1.8300E+0
140.70	4.624	1.8200E+0
140.80	4.627	1.8200E+0
140.90	4.631	1.8300E+0
141.00	4.634	1.8200E+0
141.10	4.637	1.8100E+0
141.20	4.640	1.8200E+0
141.30	4.644	1.8200E+0
141.40	4.647	1.8200E+0
141.50	4.650	1.8200E+0
141.60	4.654	1.8200E+0
141.70	4.657	1.8300E+0
141.80	4.660	1.8300E+0
141.90	4.663	1.8200E+0
142.00	4.667	1.8300E+0
142.10	4.670	1.8300E+0
142.20	4.673	1.8300E+0
142.30	4.676	1.8200E+0
142.40	4.680	1.8200E+0
142.50	4.683	1.8200E+0
142.60	4.686	1.8200E+0
142.70	4.690	1.8300E+0
142.80	4.693	1.8300E+0
142.90	4.696	1.8200E+0
143.00	4.699	1.8200E+0
143.10	4.703	1.8200E+0
143.20	4.706	1.8300E+0
143.30	4.709	1.8200E+0
143.40	4.712	1.8200E+0
143.50	4.715	1.8200E+0
143.60	4.719	1.8200E+0
143.70	4.722	1.8300E+0
143.80	4.725	1.8200E+0
143.90	4.728	1.8200E+0
144.00	4.731	1.8200E+0
144.10	4.735	1.8200E+0
144.20	4.738	1.8200E+0
144.30	4.741	1.8200E+0
144.40	4.744	1.8300E+0
144.50	4.748	1.8200E+0
144.60	4.751	1.8200E+0
144.70	4.754	1.8300E+0
144.80	4.757	1.8200E+0
144.90	4.761	1.8300E+0
145.00	4.764	1.8200E+0
145.10	4.767	1.8300E+0
145.20	4.771	1.8300E+0
145.30	4.774	1.8200E+0
145.40	4.777	1.8300E+0
145.50	4.781	1.8200E+0
145.60	4.784	1.8200E+0
145.70	4.787	1.8200E+0
145.80	4.791	1.8200E+0
145.90	4.794	1.8200E+0
146.00	4.798	1.8200E+0
146.10	4.801	1.8300E+0
146.20	4.805	1.8200E+0
146.30	4.808	1.8200E+0
146.40	4.811	1.8200E+0
146.50	4.815	1.8200E+0
146.60	4.818	1.8300E+0
146.70	4.822	1.8200E+0
146.80	4.825	1.8200E+0
146.90	4.828	1.8200E+0
147.00	4.831	1.8200E+0
147.10	4.835	1.8200E+0
147.20	4.838	1.8200E+0
147.30	4.842	1.8300E+0
147.40	4.845	1.8200E+0
147.50	4.848	1.8100E+0
147.60	4.852	1.8200E+0
147.70	4.855	1.8300E+0
147.80	4.858	1.8200E+0
147.90	4.862	1.8300E+0
148.00	4.865	1.8200E+0
148.10	4.868	1.8300E+0
148.20	4.872	1.8200E+0
148.30	4.875	1.8300E+0
148.40	4.879	1.8200E+0
148.50	4.882	1.8300E+0
148.60	4.885	1.8200E+0
148.70	4.889	1.8200E+0
148.80	4.892	1.8200E+0
148.90	4.895	1.8200E+0
149.00	4.899	1.8200E+0
149.10	4.902	1.8200E+0
149.20	4.905	1.8200E+0
149.30	4.908	1.8200E+0
149.40	4.912	1.8200E+0
149.50	4.915	1.8200E+0
149.60	4.918	1.8200E+0
149.70	4.922	1.8100E+0
149.80	4.925	1.8200E+0
149.90	4.928	1.8300E+0
150.00	4.931	1.8200E+0
150.10	4.935	1.8300E+0
150.20	4.938	1.8200E+0
150.30	4.941	1.8200E+0
150.40	4.945	1.8200E+0
150.50	4.948	1.8200E+0
150.60	4.951	1.8200E+0
150.70	4.955	1.8200E+0
150.80	4.958	1.8200E+0
150.90	4.961	1.8200E+0
151.00	4.964	1.8200E+0
151.10	4.968	1.8200E+0
151.20	4.971	1.8200E+0
151.30	4.974	1.8200E+0
151.40	4.978	1.8200E+0
151.50	4.981	1.8300E+0
151.60	4.984	1.8300E+0
151.70	4.987	1.8300E+0
151.80	4.991	1.8300E+0
151.90	4.994	1.8200E+0
152.00	4.998	1.8200E+0
152.10	5.001	1.8300E+0
152.20	5.004	1.8300E+0
152.30	5.007	1.8200E+0
152.40	5.011	1.8200E+0
152.50	5.014	1.8300E+0
152.60	5.018	1.8300E+0
152.70	5.021	1.8200E+0
152.80	5.024	1.8200E+0
152.90	5.027	1.8200E+0
153.00	5.030	1.8300E+0
153.10	5.034	1.8200E+0
153.20	5.037	1.8200E+0
153.30	5.040	1.8200E+0
153.40	5.044	1.8300E+0
153.50	5.047	1.8200E+0
153.60	5.050	1.8200E+0
153.70	5.054	1.8200E+0
153.80	5.057	1.8300E+0
153.90	5.060	1.8200E+0
154.00	5.063	1.8200E+0
154.10	5.067	1.8200E+0
154.20	5.070	1.8200E+0
154.30	5.073	1.8200E+0
154.40	5.076	1.8200E+0
154.50	5.080	1.8200E+0
154.60	5.083	1.8200E+0
154.70	5.086	1.8300E+0
154.80	5.090	1.8300E+0
154.90	5.093	1.8200E+0
155.00	5.096	1.8300E+0
155.10	5.099	1.8200E+0
155.20	5.103	1.8200E+0
155.30	5.106	1.8200E+0
155.40	5.109	1.8200E+0
155.50	5.112	1.8200E+0
155.60	5.115	1.8200E+0
155.70	5.119	1.8200E+0
155.80	5.122	1.8200E+0
155.90	5.125	1.8200E+0
156.00	5.128	1.8200E+0
156.10	5.132	1.8100E+0
156.20	5.135	1.8300E+0
156.30	5.138	1.8200E+0
156.40	5.141	1.8200E+0
156.50	5.144	1.8300E+0
156.60	5.148	1.8300E+0
156.70	5.151	1.8200E+0
156.80	5.154	1.8200E+0
156.90	5.158	1.8200E+0
157.00	5.161	1.8200E+0
157.10	5.164	1.8200E+0
157.20	5.167	1.8300E+0
157.30	5.170	1.8100E+0
157.40	5.174	1.8200E+0
157.50	5.177	1.8200E+0
157.60	5.180	1.8200E+0
157.70	5.183	1.8100E+0
157.80	5.187	1.8100E+0
157.90	5.190	1.8200E+0
158.00	5.193	1.8200E+0
158.10	5.196	1.8200E+0
158.20	5.200	1.8200E+0
158.30	5.203	1.8100E+0
158.40	5.206	1.8200E+0
158.50	5.209	1.8300E+0
158.60	5.212	1.8100E+0
158.70	5.215	1.8200E+0
158.80	5.219	1.8200E+0
158.90	5.222	1.8100E+0
159.00	5.225	1.8100E+0
159.10	5.228	1.8200E+0
159.20	5.232	1.8200E+0
159.30	5.235	1.8100E+0
159.40	5.238	1.8200E+0
159.50	5.242	1.8200E+0
159.60	5.245	1.8200E+0
159.70	5.248	1.8200E+0
159.80	5.251	1.8200E+0
159.90	5.255	1.8200E+0
160.00	5.258	1.8200E+0
160.10	5.261	1.8200E+0
160.20	5.264	1.8100E+0
160.30	5.268	1.8200E+0
160.40	5.271	1.8200E+0
160.50	5.274	1.8200E+0
160.60	5.278	1.8100E+0
160.70	5.281	1.8200E+0
160.80	5.284	1.8300E+0
160.90	5.287	1.8200E+0
161.00	5.291	1.8200E+0
161.10	5.294	1.8200E+0
161.20	5.297	1.8200E+0
161.30	5.300	1.8100E+0
161.40	5.304	1.8200E+0
161.50	5.307	1.8200E+0
161.60	5.310	1.8200E+0
161.70	5.314	1.8100E+0
161.80	5.317	1.8100E+0
161.90	5.320	1.8100E+0
162.00	5.324	1.8100E+0
162.10	5.327	1.8200E+0
162.20	5.330	1.8200E+0
162.30	5.334	1.8300E+0
162.40	5.337	1.8200E+0
162.50	5.340	1.8200E+0
162.60	5.343	1.8200E+0
162.70	5.347	1.8200E+0
162.80	5.350	1.8200E+0
162.90	5.353	1.8200E+0
163.00	5.356	1.8100E+0
163.10	5.360	1.8200E+0
163.20	5.363	1.8100E+0
163.30	5.367	1.8100E+0
163.40	5.370	1.8200E+0
163.50	5.373	1.8200E+0
163.60	5.377	1.8100E+0
163.70	5.380	1.8100E+0
163.80	5.383	1.8200E+0
163.90	5.387	1.8200E+0
164.00	5.390	1.8100E+0
164.10	5.393	1.8100E+0
164.20	5.397	1.8200E+0
164.30	5.400	1.8200E+0
164.40	5.403	1.8200E+0
164.50	5.407	1.8100E+0
164.60	5.410	1.8200E+0
164.70	5.413	1.8100E+0
164.80	5.416	1.8100E+0
164.90	5.420	1.8100E+0
165.00	5.423	1.8100E+0
165.10	5.426	1.8100E+0
165.20	5.429	1.8200E+0
165.30	5.432	1.8200E+0
165.40	5.436	1.8200E+0
165.50	5.439	1.8200E+0
165.60	5.442	1.8100E+0
165.70	5.446	1.8100E+0
165.80	5.449	1.8100E+0
165.90	5.452	1.8100E+0
166.00	5.455	1.8100E+0
166.10	5.458	1.8100E+0
166.20	5.462	1.8100E+0
166.30	5.465	1.8100E+0
166.40	5.468	1.8200E+0
166.50	5.471	1.8100E+0
166.60	5.474	1.8000E+0
166.70	5.478	1.8000E+0
166.80	5.481	1.8100E+0
166.90	5.484	1.8100E+0
167.00	5.487	1.8000E+0
167.10	5.491	1.8000E+0
167.20	5.494	1.8000E+0
167.30	5.497	1.8100E+0
167.40	5.500	1.8100E+0
167.50	5.504	1.8100E+0
167.60	5.507	1.8100E+0
167.70	5.510	1.8100E+0
167.80	5.513	1.8000E+0
167.90	5.516	1.8000E+0
168.00	5.520	1.8100E+0
168.10	5.523	1.8100E+0
168.20	5.526	1.8100E+0
168.30	5.529	1.8000E+0
168.40	5.532	1.8000E+0
168.50	5.536	1.8000E+0
168.60	5.542	1.8100E+0
168.70	5.546	1.8000E+0
168.80	5.549	1.8000E+0
168.90	5.552	1.8000E+0
169.00	5.556	1.8000E+0
169.10	5.559	1.8000E+0
169.20	5.562	1.8000E+0
169.30	5.566	1.8000E+0
169.40	5.569	1.8000E+0
169.50	5.572	1.8100E+0
169.60	5.576	1.8000E+0
169.70	5.579	1.8000E+0
169.80	5.582	1.8000E+0
169.90	5.586	1.8000E+0
170.00	5.589	1.7900E+0
170.10	5.592	1.8100E+0
170.20	5.596	1.7900E+0
170.30	5.599	1.7900E+0
170.40	5.602	1.7900E+0
170.50	5.606	1.7900E+0
170.60	5.609	1.8000E+0
170.70	5.612	1.7900E+0
170.80	5.616	1.7900E+0
170.90	5.622	1.8000E+0
171.00	5.626	1.7900E+0
171.10	5.629	1.8000E+0
171.20	5.632	1.7900E+0
171.30	5.636	1.7900E+0
171.40	5.639	1.8000E+0
171.50	5.643	1.8000E+0
171.60	5.646	1.7900E+0
171.70	5.649	1.7800E+0
171.80	5.652	1.7900E+0
171.90	5.655	1.8000E+0
172.00	5.658	1.7900E+0
172.10	5.662	1.7900E+0
172.20	5.665	1.7900E+0
172.30	5.668	1.7900E+0
172.40	5.672	1.8000E+0
172.50	5.675	1.7900E+0
172.60	5.678	1.7900E+0
172.70	5.682	1.7800E+0
172.80	5.685	1.7900E+0
172.90	5.688	1.7800E+0
173.00	5.692	1.7900E+0
173.10	5.695	1.7800E+0
173.20	5.699	1.7900E+0
173.30	5.702	1.7900E+0
173.40	5.705	1.7900E+0
173.50	5.708	1.7900E+0
173.60	5.712	1.7800E+0
173.70	5.715	1.7800E+0
173.80	5.718	1.7800E+0
173.90	5.722	1.7900E+0
174.00	5.725	1.7800E+0
174.10	5.728	1.7700E+0
174.20	5.732	1.7800E+0
174.30	5.735	1.7800E+0
174.40	5.738	1.7800E+0
174.50	5.742	1.7900E+0
174.60	5.745	1.7800E+0
174.70	5.748	1.7800E+0
174.80	5.751	1.7800E+0
174.90	5.755	1.7900E+0
175.00	5.758	1.7800E+0
175.10	5.762	1.7800E+0
175.20	5.765	1.7800E+0
175.30	5.768	1.7800E+0
175.40	5.772	1.7800E+0
175.50	5.775	1.7800E+0
175.60	5.778	1.7700E+0
175.70	5.782	1.7700E+0
175.80	5.785	1.7700E+0
175.90	5.788	1.7800E+0
176.00	5.791	1.7700E+0
176.10	5.795	1.7700E+0
176.20	5.798	1.7800E+0
176.30	5.801	1.7700E+0
176.40	5.804	1.7800E+0
176.50	5.808	1.7700E+0
176.60	5.811	1.7800E+0
176.70	5.814	1.7700E+0
176.80	5.818	1.7700E+0
176.90	5.821	1.7600E+0
177.00	5.824	1.7600E+0
177.10	5.827	1.7700E+0
177.20	5.831	1.7700E+0
177.30	5.834	1.7800E+0
177.40	5.837	1.7700E+0
177.50	5.840	1.7700E+0
177.60	5.843	1.7700E+0
177.70	5.847	1.7700E+0
177.80	5.850	1.7600E+0
177.90	5.853	1.7600E+0
178.00	5.856	1.7600E+0
178.10	5.860	1.7600E+0
178.20	5.863	1.7600E+0
178.30	5.866	1.7600E+0
178.40	5.870	1.7700E+0
178.50	5.873	1.7700E+0
178.60	5.876	1.7600E+0
178.70	5.880	1.7600E+0
178.80	5.883	1.7700E+0
178.90	5.886	1.7600E+0
179.00	5.890	1.7600E+0
179.10	5.892	1.7500E+0
179.20	5.895	1.7700E+0
179.30	5.899	1.7600E+0
179.40	5.902	1.7600E+0
179.50	5.905	1.7700E+0
179.60	5.908	1.7600E+0
179.70	5.912	1.7600E+0
179.80	5.915	1.7500E+0
179.90	5.918	1.7500E+0
180.00	5.921	1.7500E+0
180.10	5.924	1.7500E+0
180.20	5.928	1.7600E+0
180.30	5.931	1.7600E+0
180.40	5.934	1.7600E+0
180.50	5.938	1.7500E+0
180.60	5.941	1.7500E+0
180.70	5.944	1.7600E+0
180.80	5.947	1.7500E+0
180.90	5.951	1.7600E+0
181.00	5.954	1.7600E+0
181.10	5.957	1.7600E+0
181.20	5.960	1.7600E+0
181.30	5.963	1.7600E+0
181.40	5.967	1.7600E+0
181.50	5.970	1.7600E+0
181.60	5.973	1.7600E+0
181.70	5.976	1.7500E+0
181.80	5.980	1.7500E+0
181.90	5.983	1.7400E+0
182.00	5.986	1.7500E+0
182.10	5.989	1.7500E+0
182.20	5.992	1.7500E+0
182.30	5.996	1.7400E+0
182.40	5.999	1.7500E+0
182.50	6.002	1.7600E+0
182.60	6.005	1.7500E+0
182.70	6.008	1.7500E+0
182.80	6.012	1.7500E+0
182.90	6.015	1.7400E+0
183.00	6.018	1.7400E+0
183.10	6.021	1.7500E+0
183.20	6.024	1.7500E+0
183.30	6.028	1.7500E+0
183.40	6.031	1.7400E+0
183.50	6.034	1.7400E+0
183.60	6.038	1.7500E+0
183.70	6.041	1.7400E+0
183.80	6.044	1.7500E+0
183.90	6.047	1.7400E+0
184.00	6.051	1.7400E+0
184.10	6.054	1.7400E+0
184.20	6.057	1.7400E+0
184.30	6.060	1.7500E+0
184.40	6.064	1.7400E+0
184.50	6.067	1.7400E+0
184.60	6.070	1.7400E+0
184.70	6.074	1.7400E+0
184.80	6.077	1.7400E+0
184.90	6.080	1.7400E+0
185.00	6.083	1.7400E+0
185.10	6.086	1.7400E+0
185.20	6.090	1.7400E+0
185.30	6.093	1.7400E+0
185.40	6.096	1.7400E+0
185.50	6.099	1.7400E+0
185.60	6.103	1.7400E+0
185.70	6.106	1.7400E+0
185.80	6.109	1.7400E+0
185.90	6.112	1.7400E+0
186.00	6.116	1.7300E+0
186.10	6.119	1.7400E+0
186.20	6.123	1.7300E+0
186.30	6.126	1.7300E+0
186.40	6.129	1.7300E+0
186.50	6.132	1.7300E+0
186.60	6.136	1.7400E+0
186.70	6.139	1.7400E+0
186.80	6.143	1.7300E+0
186.90	6.146	1.7300E+0
187.00	6.149	1.7300E+0
187.10	6.152	1.7300E+0
187.20	6.156	1.7300E+0
187.30	6.159	1.7400E+0
187.40	6.163	1.7400E+0
187.50	6.166	1.7300E+0
187.60	6.169	1.7300E+0
187.70	6.172	1.7400E+0
187.80	6.176	1.7300E+0
187.90	6.179	1.7300E+0
188.00	6.182	1.7400E+0
188.10	6.186	1.7300E+0
188.20	6.189	1.7300E+0
188.30	6.192	1.7300E+0
188.40	6.195	1.7300E+0
188.50	6.199	1.7300E+0
188.60	6.202	1.7300E+0
188.70	6.205	1.7400E+0
188.80	6.208	1.7300E+0
188.90	6.212	1.7300E+0
189.00	6.215	1.7300E+0
189.10	6.218	1.7300E+0
189.20	6.222	1.7200E+0
189.30	6.225	1.7300E+0
189.40	6.228	1.7300E+0
189.50	6.231	1.7300E+0
189.60	6.234	1.7300E+0
189.70	6.238	1.7300E+0
189.80	6.241	1.7300E+0
189.90	6.244	1.7300E+0
190.00	6.247	1.7300E+0
190.10	6.251	1.7300E+0
190.20	6.254	1.7300E+0
190.30	6.257	1.7200E+0
190.40	6.260	1.7200E+0
190.50	6.263	1.7300E+0
190.60	6.267	1.7200E+0
190.70	6.270	1.7300E+0
190.80	6.273	1.7300E+0
190.90	6.276	1.7200E+0
191.00	6.279	1.7200E+0
191.10	6.283	1.7300E+0
191.20	6.286	1.7300E+0
191.30	6.289	1.7300E+0
191.40	6.292	1.7300E+0
191.50	6.295	1.7300E+0
191.60	6.299	1.7300E+0
191.70	6.302	1.7400E+0
191.80	6.305	1.7300E+0
191.90	6.308	1.7300E+0
192.00	6.312	1.7300E+0
192.10	6.315	1.7300E+0
192.20	6.318	1.7200E+0
192.30	6.321	1.7300E+0
192.40	6.324	1.7200E+0
192.50	6.328	1.7200E+0
192.60	6.331	1.7300E+0
192.70	6.334	1.7300E+0
192.80	6.338	1.7200E+0
192.90	6.341	1.7300E+0
193.00	6.344	1.7300E+0
193.10	6.347	1.7300E+0
193.20	6.350	1.7200E+0
193.30	6.353	1.7200E+0
193.40	6.356	1.7200E+0
193.50	6.360	1.7300E+0
193.60	6.363	1.7300E+0
193.70	6.366	1.7200E+0
193.80	6.370	1.7300E+0
193.90	6.373	1.7300E+0
194.00	6.376	1.7200E+0
194.10	6.379	1.7300E+0
194.20	6.383	1.7200E+0
194.30	6.386	1.7300E+0
194.40	6.389	1.7200E+0
194.50	6.392	1.7300E+0
194.60	6.396	1.7300E+0
194.70	6.399	1.7300E+0
194.80	6.403	1.7300E+0
194.90	6.406	1.7300E+0
195.00	6.409	1.7300E+0
195.10	6.412	1.7200E+0
195.20	6.416	1.7200E+0
195.30	6.419	1.7200E+0
195.40	6.423	1.7200E+0
195.50	6.426	1.7200E+0
195.60	6.429	1.7200E+0
195.70	6.432	1.7200E+0
195.80	6.436	1.7200E+0
195.90	6.439	1.7200E+0
196.00	6.443	1.7200E+0
196.10	6.446	1.7200E+0
196.20	6.450	1.7100E+0
196.30	6.453	1.7200E+0
196.40	6.456	1.7200E+0
196.50	6.460	1.7200E+0
196.60	6.463	1.7300E+0
196.70	6.467	1.7200E+0
196.80	6.470	1.7100E+0
196.90	6.473	1.7200E+0
197.00	6.476	1.7100E+0
197.10	6.480	1.7200E+0
197.20	6.483	1.7100E+0
197.30	6.487	1.7200E+0
197.40	6.490	1.7200E+0
197.50	6.494	1.7200E+0
197.60	6.497	1.7200E+0
197.70	6.500	1.7200E+0
197.80	6.504	1.7100E+0
197.90	6.507	1.7200E+0
198.00	6.510	1.7200E+0
198.10	6.514	1.7200E+0
198.20	6.517	1.7200E+0
198.30	6.520	1.7200E+0
198.40	6.523	1.7200E+0
198.50	6.527	1.7100E+0
198.60	6.530	1.7100E+0
198.70	6.533	1.7100E+0
198.80	6.536	1.7200E+0
198.90	6.540	1.7100E+0
199.00	6.543	1.7200E+0
199.10	6.547	1.7200E+0
199.20	6.550	1.7200E+0
199.30	6.553	1.7100E+0
199.40	6.556	1.7200E+0
199.50	6.560	1.7100E+0
199.60	6.563	1.7100E+0
199.70	6.566	1.7100E+0
199.80	6.570	1.7100E+0
199.90	6.573	1.7100E+0
200.00	6.576	1.7200E+0
200.10	6.579	1.7200E+0
200.20	6.583	1.7100E+0
200.30	6.586	1.7200E+0
200.40	6.589	1.7100E+0
200.50	6.592	1.7200E+0
200.60	6.596	1.7200E+0
200.70	6.599	1.7200E+0
200.80	6.602	1.7200E+0
200.90	6.606	1.7200E+0
201.00	6.609	1.7100E+0
201.10	6.612	1.7100E+0
201.20	6.615	1.7100E+0
201.30	6.619	1.7200E+0
201.40	6.622	1.7000E+0
201.50	6.625	1.7200E+0
201.60	6.628	1.7100E+0
201.70	6.632	1.7100E+0
201.80	6.635	1.7100E+0
201.90	6.638	1.7100E+0
202.00	6.641	1.7000E+0
202.10	6.644	1.7100E+0
202.20	6.647	1.7000E+0
202.30	6.651	1.7100E+0
202.40	6.654	1.7100E+0
202.50	6.657	1.7100E+0
202.60	6.660	1.7000E+0
202.70	6.664	1.7000E+0
202.80	6.667	1.7100E+0
202.90	6.670	1.7100E+0
203.00	6.674	1.7000E+0
203.10	6.677	1.7100E+0
203.20	6.680	1.7100E+0
203.30	6.683	1.7000E+0
203.40	6.687	1.7100E+0
203.50	6.690	1.7000E+0
203.60	6.693	1.7100E+0
203.70	6.696	1.7100E+0
203.80	6.700	1.7100E+0
203.90	6.703	1.7100E+0
204.00	6.706	1.7100E+0
204.10	6.709	1.7000E+0
204.20	6.712	1.7000E+0
204.30	6.716	1.7100E+0
204.40	6.719	1.7100E+0
204.50	6.722	1.7000E+0
204.60	6.726	1.7000E+0
204.70	6.729	1.7000E+0
204.80	6.732	1.7000E+0
204.90	6.735	1.7000E+0
205.00	6.738	1.7100E+0
205.10	6.742	1.7000E+0
205.20	6.744	1.7000E+0
205.30	6.748	1.7000E+0
205.40	6.751	1.7100E+0
205.50	6.754	1.7100E+0
205.60	6.758	1.7000E+0
205.70	6.760	1.7000E+0
205.80	6.764	1.7000E+0
205.90	6.767	1.7000E+0
206.00	6.770	1.7100E+0
206.10	6.774	1.7000E+0
206.20	6.777	1.7000E+0
206.30	6.780	1.7000E+0
206.40	6.783	1.7000E+0
206.50	6.787	1.7000E+0
206.60	6.790	1.7000E+0
206.70	6.793	1.6900E+0
206.80	6.796	1.7000E+0
206.90	6.800	1.7000E+0
207.00	6.803	1.6900E+0
207.10	6.806	1.7000E+0
207.20	6.809	1.7000E+0
207.30	6.812	1.6900E+0
207.40	6.816	1.7100E+0
207.50	6.819	1.7000E+0
207.60	6.823	1.7000E+0
207.70	6.826	1.6900E+0
207.80	6.829	1.6900E+0
207.90	6.832	1.7000E+0
208.00	6.836	1.7000E+0
208.10	6.839	1.6900E+0
208.20	6.842	1.6900E+0
208.30	6.845	1.7000E+0
208.40	6.848	1.6900E+0
208.50	6.852	1.6900E+0
208.60	6.855	1.7000E+0
208.70	6.858	1.7000E+0
208.80	6.862	1.6900E+0
208.90	6.865	1.7000E+0
209.00	6.868	1.6900E+0
209.10	6.871	1.7000E+0
209.20	6.875	1.7000E+0
209.30	6.878	1.7000E+0
209.40	6.881	1.7000E+0
209.50	6.884	1.7100E+0
209.60	6.888	1.6900E+0
209.70	6.891	1.7000E+0
209.80	6.894	1.7000E+0
209.90	6.898	1.7000E+0
210.00	6.901	1.6900E+0
210.10	6.904	1.6900E+0
210.20	6.907	1.7000E+0
210.30	6.911	1.7000E+0
210.40	6.914	1.6900E+0
210.50	6.917	1.6900E+0
210.60	6.920	1.6900E+0
210.70	6.924	1.6900E+0
210.80	6.927	1.6900E+0
210.90	6.930	1.6900E+0
211.00	6.934	1.6800E+0
211.10	6.937	1.6900E+0
211.20	6.940	1.6900E+0
211.30	6.943	1.6900E+0
211.40	6.947	1.6900E+0
211.50	6.950	1.6900E+0
211.60	6.954	1.6900E+0
211.70	6.957	1.6900E+0
211.80	6.960	1.6900E+0
211.90	6.963	1.6900E+0
212.00	6.967	1.6900E+0
212.10	6.970	1.6900E+0
212.20	6.973	1.7000E+0
212.30	6.976	1.7000E+0
212.40	6.980	1.6900E+0
212.50	6.983	1.6900E+0
212.60	6.987	1.7000E+0
212.70	6.990	1.7000E+0
212.80	6.993	1.6900E+0
212.90	6.996	1.6900E+0
213.00	7.000	1.7000E+0
213.10	7.003	1.6900E+0
213.20	7.006	1.6900E+0
213.30	7.010	1.6900E+0
213.40	7.013	1.6800E+0
213.50	7.016	1.6900E+0
213.60	7.019	1.7000E+0
213.70	7.023	1.6900E+0
213.80	7.026	1.6900E+0
213.90	7.029	1.6900E+0
214.00	7.032	1.6900E+0
214.10	7.036	1.6900E+0
214.20	7.039	1.6900E+0
214.30	7.042	1.6800E+0
214.40	7.045	1.6800E+0
214.50	7.048	1.6900E+0
214.60	7.052	1.6900E+0
214.70	7.055	1.6900E+0
214.80	7.058	1.6900E+0
214.90	7.062	1.6900E+0
215.00	7.065	1.6900E+0
215.10	7.068	1.6900E+0
215.20	7.071	1.6800E+0
215.30	7.074	1.6900E+0
215.40	7.078	1.6800E+0
215.50	7.081	1.6800E+0
215.60	7.084	1.6800E+0
215.70	7.087	1.6800E+0
215.80	7.091	1.6800E+0
215.90	7.094	1.6800E+0
216.00	7.097	1.6800E+0
216.10	7.100	1.6800E+0
216.20	7.103	1.6900E+0
216.30	7.106	1.6900E+0
216.40	7.109	1.6900E+0
216.50	7.112	1.6900E+0
216.60	7.115	1.6800E+0
216.70	7.119	1.6800E+0
216.80	7.122	1.6900E+0
216.90	7.125	1.6900E+0
217.00	7.128	1.6900E+0
217.10	7.131	1.6900E+0
217.20	7.135	1.6900E+0
217.30	7.138	1.6800E+0
217.40	7.141	1.6800E+0
217.50	7.144	1.6800E+0
217.60	7.148	1.6900E+0
217.70	7.151	1.6900E+0
217.80	7.154	1.6900E+0
217.90	7.158	1.6900E+0
218.00	7.161	1.6800E+0
218.10	7.164	1.6800E+0
218.20	7.168	1.6800E+0
218.30	7.171	1.6800E+0
218.40	7.174	1.6700E+0
218.50	7.178	1.6800E+0
218.60	7.181	1.6800E+0
218.70	7.184	1.6800E+0
218.80	7.188	1.6800E+0
218.90	7.191	1.6800E+0
219.00	7.195	1.6800E+0
219.10	7.198	1.6800E+0
219.20	7.201	1.6800E+0
219.30	7.204	1.6800E+0
219.40	7.208	1.6800E+0
219.50	7.211	1.6700E+0
219.60	7.215	1.6800E+0
219.70	7.218	1.6800E+0
219.80	7.221	1.6900E+0
219.90	7.224	1.6800E+0
220.00	7.228	1.6700E+0
220.10	7.231	1.6800E+0
220.20	7.235	1.6800E+0
220.30	7.238	1.6900E+0
220.40	7.241	1.6800E+0
220.50	7.244	1.6800E+0
220.60	7.248	1.6800E+0
220.70	7.251	1.6800E+0
220.80	7.255	1.6800E+0
220.90	7.258	1.6800E+0
221.00	7.261	1.6700E+0
221.10	7.264	1.6800E+0
221.20	7.268	1.6800E+0
221.30	7.271	1.6800E+0
221.40	7.275	1.6700E+0
221.50	7.278	1.6700E+0
221.60	7.281	1.6800E+0
221.70	7.284	1.6800E+0
221.80	7.288	1.6700E+0
221.90	7.291	1.6700E+0
222.00	7.294	1.6800E+0
222.10	7.298	1.6800E+0
222.20	7.301	1.6700E+0
222.30	7.304	1.6700E+0
222.40	7.308	1.6700E+0
222.50	7.311	1.6700E+0
222.60	7.315	1.6700E+0
222.70	7.318	1.6700E+0
222.80	7.321	1.6700E+0
222.90	7.324	1.6800E+0
223.00	7.327	1.6700E+0
223.10	7.331	1.6800E+0
223.20	7.334	1.6700E+0
223.30	7.337	1.6800E+0
223.40	7.340	1.6700E+0
223.50	7.344	1.6800E+0
223.60	7.347	1.6700E+0
223.70	7.351	1.6600E+0
223.80	7.354	1.6700E+0
223.90	7.357	1.6700E+0
224.00	7.360	1.6700E+0
224.10	7.364	1.6700E+0
224.20	7.367	1.6700E+0
224.30	7.371	1.6600E+0
224.40	7.374	1.6700E+0
224.50	7.377	1.6700E+0
224.60	7.381	1.6700E+0
224.70	7.384	1.6600E+0
224.80	7.387	1.6600E+0
224.90	7.391	1.6700E+0
225.00	7.394	1.6700E+0
225.10	7.397	1.6700E+0
225.20	7.400	1.6800E+0
225.30	7.404	1.6700E+0
225.40	7.407	1.6700E+0
225.50	7.411	1.6700E+0
225.60	7.414	1.6600E+0
225.70	7.417	1.6700E+0
225.80	7.420	1.6600E+0
225.90	7.424	1.6700E+0
226.00	7.427	1.6700E+0
226.10	7.431	1.6600E+0
226.20	7.434	1.6700E+0
226.30	7.437	1.6700E+0
226.40	7.440	1.6600E+0
226.50	7.444	1.6700E+0
226.60	7.447	1.6600E+0
226.70	7.450	1.6700E+0
226.80	7.453	1.6700E+0
226.90	7.456	1.6600E+0
227.00	7.460	1.6600E+0
227.10	7.463	1.6700E+0
227.20	7.466	1.6700E+0
227.30	7.470	1.6700E+0
227.40	7.473	1.6600E+0
227.50	7.476	1.6600E+0
227.60	7.479	1.6700E+0
227.70	7.482	1.6700E+0
227.80	7.486	1.6700E+0
227.90	7.489	1.6700E+0
228.00	7.492	1.6800E+0
228.10	7.495	1.6700E+0
228.20	7.499	1.6700E+0
228.30	7.502	1.6700E+0
228.40	7.505	1.6700E+0
228.50	7.508	1.6700E+0
228.60	7.512	1.6600E+0
228.70	7.515	1.6600E+0
228.80	7.518	1.6600E+0
228.90	7.522	1.6600E+0
229.00	7.525	1.6700E+0
229.10	7.528	1.6600E+0
229.20	7.531	1.6600E+0
229.30	7.534	1.6700E+0
229.40	7.538	1.6700E+0
229.50	7.541	1.6700E+0
229.60	7.544	1.6700E+0
229.70	7.547	1.6600E+0
229.80	7.551	1.6700E+0
229.90	7.554	1.6600E+0
230.00	7.557	1.6600E+0
230.10	7.560	1.6600E+0
230.20	7.563	1.6600E+0
230.30	7.567	1.6600E+0
230.40	7.570	1.6600E+0
230.50	7.573	1.6700E+0
230.60	7.576	1.6700E+0
230.70	7.580	1.6500E+0
230.80	7.583	1.6600E+0
230.90	7.586	1.6500E+0
231.00	7.590	1.6600E+0
231.10	7.593	1.6600E+0
231.20	7.596	1.6600E+0
231.30	7.599	1.6600E+0
231.40	7.603	1.6600E+0
231.50	7.606	1.6600E+0
231.60	7.609	1.6600E+0
231.70	7.612	1.6500E+0
231.80	7.616	1.6600E+0
231.90	7.619	1.6600E+0
232.00	7.622	1.6500E+0
232.10	7.625	1.6500E+0
232.20	7.628	1.6600E+0
232.30	7.631	1.6600E+0
232.40	7.634	1.6600E+0
232.50	7.638	1.6600E+0
232.60	7.641	1.6600E+0
232.70	7.644	1.6600E+0
232.80	7.647	1.6500E+0
232.90	7.651	1.6500E+0
233.00	7.654	1.6500E+0
233.10	7.657	1.6500E+0
233.20	7.660	1.6500E+0
233.30	7.664	1.6600E+0
233.40	7.667	1.6600E+0
233.50	7.670	1.6500E+0
233.60	7.674	1.6500E+0
233.70	7.677	1.6600E+0
233.80	7.680	1.6600E+0
233.90	7.683	1.6500E+0
234.00	7.687	1.6500E+0
234.10	7.690	1.6500E+0
234.20	7.693	1.6500E+0
234.30	7.696	1.6600E+0
234.40	7.700	1.6500E+0
234.50	7.703	1.6400E+0
234.60	7.706	1.6500E+0
234.70	7.710	1.6500E+0
234.80	7.713	1.6500E+0
234.90	7.716	1.6500E+0
235.00	7.720	1.6500E+0
235.10	7.723	1.6600E+0
235.20	7.726	1.6500E+0
235.30	7.730	1.6500E+0
235.40	7.733	1.6500E+0
235.50	7.736	1.6400E+0
235.60	7.740	1.6500E+0
235.70	7.743	1.6400E+0
235.80	7.746	1.6400E+0
235.90	7.750	1.6500E+0
236.00	7.753	1.6400E+0
236.10	7.756	1.6500E+0
236.20	7.760	1.6600E+0
236.30	7.763	1.6500E+0
236.40	7.766	1.6500E+0
236.50	7.770	1.6500E+0
236.60	7.773	1.6500E+0
236.70	7.776	1.6400E+0
236.80	7.779	1.6400E+0
236.90	7.783	1.6500E+0
237.00	7.786	1.6500E+0
237.10	7.789	1.6500E+0
237.20	7.793	1.6500E+0
237.30	7.796	1.6500E+0
237.40	7.799	1.6500E+0
237.50	7.802	1.6500E+0
237.60	7.806	1.6500E+0
237.70	7.809	1.6400E+0
237.80	7.812	1.6400E+0
237.90	7.815	1.6500E+0
238.00	7.818	1.6400E+0
238.10	7.822	1.6500E+0
238.20	7.825	1.6500E+0
238.30	7.828	1.6500E+0
238.40	7.831	1.6400E+0
238.50	7.834	1.6400E+0
238.60	7.838	1.6400E+0
238.70	7.841	1.6500E+0
238.80	7.844	1.6500E+0
238.90	7.847	1.6400E+0
239.00	7.851	1.6400E+0
239.10	7.854	1.6400E+0
239.20	7.857	1.6400E+0
239.30	7.860	1.6500E+0
239.40	7.864	1.6500E+0
239.50	7.867	1.6500E+0
239.60	7.870	1.6400E+0
239.70	7.874	1.6400E+0
239.80	7.877	1.6400E+0
239.90	7.880	1.6500E+0
240.00	7.883	1.6400E+0
240.10	7.887	1.6500E+0
240.20	7.890	1.6500E+0
240.30	7.893	1.6500E+0
240.40	7.896	1.6500E+0
240.50	7.899	1.6400E+0
240.60	7.903	1.6400E+0
240.70	7.906	1.6400E+0
240.80	7.909	1.6500E+0
240.90	7.912	1.6400E+0
241.00	7.916	1.6500E+0
241.10	7.919	1.6500E+0
241.20	7.922	1.6400E+0
241.30	7.926	1.6400E+0
241.40	7.927	1.6400E+0
